1 0
2 61
3 160
4 227
5 276
6 313
7 342
8 362
9 382
10 392
11 402
12 415
13 421
14 428
15 427
16 434
17 436
18 436
19 441
20 440
21 442
22 442
23 446
24 445
25 445
26 448
27 443
28 447
29 449
30 444
31 443
32 446
33 447
34 445
35 448
36 446
37 446
38 445
39 445
40 442
41 448
42 443
43 449
44 445
45 447
46 447
47 446
48 445
49 446
50 444
51 447
52 446
53 448
54 444
55 446
56 446
57 443
58 444
59 446
60 445
61 447
62 447
63 443
64 443
65 446
66 443
67 447
68 444
69 442
70 442
71 442
72 432
73 432
74 423
75 426
76 419
77 425
78 419
79 418
80 420
81 413
82 421
83 413
84 417
85 422
86 416
87 422
88 414
89 419
90 420
91 416
92 422
93 413
94 419
95 417
96 416
97 422
98 414
99 419
100 416
101 411
102 418
103 412
104 417
105 416
106 410
107 417
108 413
109 416
110 417
111 411
112 418
113 412
114 417
115 417
116 413
117 420
118 411
119 418
120 418
121 416
122 420
123 416
124 423
125 418
126 418
127 419
128 415
129 420
130 413
131 416
132 419
133 415
134 422
135 416
136 421
137 420
138 416
139 420
140 413
141 421
142 417
143 418
144 420
145 415
146 422
147 416
148 421
149 421
150 414
151 419
152 408
153 417
154 413
155 412
156 415
157 410
158 418
159 414
160 413
161 418
162 413
163 418
164 414
165 413
166 419
167 410
168 418
169 413
170 413
171 420
172 411
173 418
174 417
175 415
176 422
177 411
178 419
179 418
180 418
181 421
182 414
183 421
184 416
185 419
186 419
187 416
188 423
189 413
190 421
191 418
192 417
193 423
194 413
195 420
196 417
197 420
198 418
199 415
200 422
201 416
202 420
203 417
204 415
205 422
206 415
207 421
208 415
209 418
210 421
211 415
212 420
213 415
214 418
215 418
216 413
217 418
218 411
219 417
220 417
221 412
222 419
223 409
224 416
225 417
226 413
227 419
228 409
229 416
230 418
231 414
232 421
233 411
234 417
235 414
236 413
237 420
238 411
239 418
240 415
241 413
242 421
243 414
244 420
245 417
246 415
247 421
248 414
249 420
250 417
251 416
252 420
253 415
254 421
255 414
256 418
257 422
258 415
259 423
260 416
261 420
262 421
263 416
264 423
265 414
266 421
267 418
268 419
269 423
270 417
271 424
272 416
273 422
274 419
275 417
276 423
277 416
278 423
279 414
280 417
281 419
282 413
283 420
284 414
285 417
286 420
287 414
288 421
289 412
290 417
291 418
292 414
293 420
294 413
295 417
296 417
297 411
298 418
299 411
300 417
301 417
302 413
303 421
304 413
305 419
306 417
307 415
308 421
309 414
310 409
311 386
312 363
313 347
314 331
315 312
316 298
317 284
318 267
319 256
320 247
321 233
322 218
323 206
324 201
325 185
326 178
327 168
328 156
329 151
330 136
331 132
332 120
333 110
334 105
335 95
336 88
337 81
338 71
339 63
340 57
341 49
342 41
343 35
344 27
345 19
346 13
347 6
348 0
349 0
350 0
351 0
352 0
353 0
354 0
355 0
356 0
357 0
358 0
359 0
360 0
361 0
362 0
363 0
364 0
365 0
366 0
367 0
368 0
369 0
370 0
371 0
372 0
373 0
374 0
375 0
376 0
377 0
378 0
379 0
380 0
381 0
382 0
383 0
384 0
385 0
386 0
387 0
388 0
389 0
390 0
391 0
392 0
393 0
394 0
395 0
396 0
397 0
398 0
399 0
400 0
401 0
402 0
403 0
404 0
405 0
406 0
407 0
408 0
409 0
410 0
411 0
412 0
413 0
414 0
415 0
416 0
417 0
418 0
419 0
420 0
421 0
422 0
423 0
424 0
425 0
426 0
427 0
428 0
429 0
430 0
431 0
432 0
433 0
434 0










