0 0
1 1

2 31

3 43

4 46

5 38

6 43

7 39

8 51

9 66

10 75

11 65

12 66

13 73

14 73

15 71

16 81

17 83

18 85

19 92

20 98

21 101

22 100

23 99

24 113

25 109

26 109

27 119

28 118

29 122

30 122

31 131

32 131
33 134

34 138

35 139

36 147

37 142

38 150

39 151
40 152

41 159

42 155

43 159

44 167

45 164

46 163

47 174

48 173

49 169

50 179

51 181

52 179

53 177

54 186

55 189

56 187

57 187

58 190

59 195

60 201

61 196

62 195

63 198

64 202

65 207

66 209

67 206

68 202

69 206

70 209

71 214

72 215

73 218

74 220

75 216

76 217

77 217

78 217

79 220

80 222

81 224

82 226

83 227

84 230

85 230

86 233

87 234

88 233

89 233

90 233

91 234

92 238

93 236

94 236

95 236

96 237

97 240

98 240

99 242

100 245

101 227

102 227

103 231

104 233

105 232

106 235

107 232

108 234

109 234

110 237

111 236

112 239

113 237

114 234

115 236

116 238

117 239

118 239

119 239

120 238
