4 0 4 3 4 0
7 19 4 3 4 0
10 17 4 4 4 1
13 42 4 4 4 1
16 75 4 4 4 1
19 85 4 4 4 1
22 93 4 4 4 1
25 122 5 4 5 1
28 133 5 4 5 1
31 132 5 5 5 1
34 134 6 5 6 1
37 134 6 6 6 1
40 144 7 7 7 2
43 145 8 7 8 2
46 148 8 8 9 2
49 144 9 9 9 2
52 123 10 9 10 2
55 119 11 10 11 3
58 131 11 10 11 3
61 143 11 11 12 3
64 157 12 11 12 3
67 154 12 11 12 3
70 159 12 12 13 3
73 167 13 12 13 3
76 168 13 12 13 3
79 169 13 13 13 3
82 175 13 13 14 3
85 185 13 13 14 3
88 196 14 13 14 3
91 194 14 13 14 3
94 195 14 13 14 3
97 201 14 13 14 3
100 205 14 13 14 3
103 208 14 13 14 3
106 213 14 13 14 3
109 215 14 13 14 3
112 214 14 13 14 3
115 221 14 13 14 3
118 219 14 13 14 3
121 228 13 13 14 3
124 228 13 13 14 3
127 231 13 13 13 3
130 229 13 12 13 3
133 235 12 12 12 3
136 235 12 11 12 3
139 235 12 11 12 3
142 240 11 10 11 3
145 241 10 10 10 3
148 238 10 9 10 2
151 244 9 9 9 2
154 239 8 8 8 2
157 243 7 7 7 2
159 243 6 0 -1 0
161 243 5 -4 -9 -1
163 246 4 -8 -15 -2
165 246 3 -10 -17 -3
167 246 2 -12 -21 -3
169 245 1 -14 -24 -4
171 246 -6 -18 -31 -5
173 247 -14 -18 -30 -5
175 247 -33 -28 -38 -8
178 249 -6 -7 -30 -2
181 251 2 1 -22 0
184 247 3 3 -14 0
187 245 3 3 -6 0
190 241 4 3 2 0
193 247 5 4 5 1
196 249 6 5 6 1
199 243 6 5 6 1
202 250 6 5 6 1
205 247 7 7 8 2
208 246 8 7 8 2
211 250 7 6 7 1
214 245 7 7 8 2
217 245 9 8 9 2
220 247 9 8 9 2
223 248 8 7 8 2
226 246 9 8 9 2
229 245 9 8 9 2
232 247 8 8 8 2
235 248 9 8 9 2
238 249 9 9 9 2
241 248 9 8 9 2
244 250 9 8 9 2
247 249 10 9 10 2
250 246 11 11 12 3
253 243 11 10 11 3
256 243 11 10 11 3
259 243 10 10 11 3
262 257 11 10 11 3
265 236 9 8 9 2
268 247 9 9 10 2
271 248 10 9 10 2
274 248 9 9 9 2
277 247 8 7 8 2
280 243 8 7 8 2
283 244 8 7 8 2
286 249 8 7 8 2
289 250 7 6 7 1
292 255 6 5 6 1
295 243 5 5 5 1
298 252 4 3 4 0
301 248 1 1 1 0
304 246 -1 -1 -2 0
306 247 -2 -16 -10 -4
308 244 -4 -4 -5 -1
311 248 -6 -5 -6 -1
313 252 -9 -8 -10 -2
315 246 -12 -34 -18 -8
317 245 -16 -14 -16 -4
319 245 -19 -17 -20 -5
321 251 -24 -44 -28 -11
323 246 -30 -47 -36 -14
325 252 -36 -48 -44 -14
327 250 -40 -48 -52 -14
329 247 -44 -57 -60 -17
331 248 -48 -54 -61 -16
333 245 -78 -78 -69 -22
335 248 -36 -37 -61 -16
337 243 -28 -42 -53 -12
339 249 -10 -9 -45 -6
341 253 -16 -16 -37 -4
343 247 -27 -31 -45 -9
345 245 -40 -40 -40 -12
347 248 -57 -54 -48 -16
350 241 -43 -42 -43 -12
352 233 14 14 -35 -6
354 246 -56 -53 -43 -12
356 255 -62 -62 -51 -18
358 115 -66 -66 -59 -19
360 -16 -61 -54 -61 -16
362 13 -47 -47 -53 -14
364 99 -51 -51 -59 -15
366 68 -49 -50 -60 -15
368 53 -38 -39 -52 -11
370 39 -52 -50 -55 -15
372 42 -46 -43 -47 -12
374 53 -46 -47 -52 -14
376 102 -53 -54 -60 -16
378 126 -52 -61 -67 -18
380 136 -60 -57 -62 -17
382 125 -54 -59 -65 -17
384 115 -53 -59 -66 -17
386 128 -56 -56 -64 -16
388 167 -48 -62 -69 -18
390 174 -53 -59 -65 -17
392 169 -53 -59 -66 -17
394 164 -51 -62 -68 -18
396 159 -46 -58 -66 -17
398 163 -35 -46 -58 -13
400 184 -39 -38 -50 -11
402 196 -31 -32 -42 -9
404 207 -29 -30 -34 -9
406 181 -37 -36 -38 -10
408 188 -44 -40 -45 -12
410 176 -55 -51 -53 -15
412 196 -57 -56 -57 -16
414 201 -64 -64 -65 -19
416 209 -67 -65 -67 -19
418 231 -53 -52 -59 -15
420 232 -56 -66 -67 -19
422 204 -55 -63 -68 -18
424 173 -64 -64 -64 -19
426 171 -62 -62 -65 -18
428 175 -61 -62 -64 -18
430 176 -63 -62 -68 -18
432 159 -64 -62 -64 -18
434 149 -56 -55 -57 -16
436 108 -62 -61 -62 -18
438 92 -62 -62 -62 -18
440 86 -64 -62 -64 -18
442 77 -65 -63 -67 -18
444 75 -58 -66 -70 -19
446 81 -56 -63 -69 -18
448 91 -61 -59 -61 -17
450 98 -55 -66 -69 -19
452 102 -56 -64 -69 -19
454 95 -55 -51 -65 -15
456 68 -49 -63 -72 -18
458 61 -46 -37 -64 -12
460 59 -45 -40 -56 -12
462 64 -44 -40 -48 -12
464 67 -43 -39 -44 -11
466 67 -41 -38 -42 -11
468 56 -49 -45 -50 -13
470 56 -39 -35 -42 -10
472 46 -37 -34 -38 -10
474 49 -35 -32 -36 -9
476 50 -35 -32 -36 -9
478 32 -40 -52 -44 -15
480 28 -30 -29 -36 -9
482 24 -47 -51 -44 -15
484 19 -26 -27 -36 -9
486 21 -28 -28 -29 -8
488 15 -36 -37 -37 -11
490 15 -34 -34 -35 -10
492 16 -32 -33 -33 -9
494 19 -94 -94 -41 -15
496 27 -28 -43 -49 -12
498 30 -5 -5 -41 -6
500 30 -4 -5 -33 -1
502 30 -7 -7 -25 -2
504 35 -24 -24 -33 -7
506 36 1 1 -25 -1
508 37 2 2 -17 0
510 39 4 4 -9 1
512 32 5 5 -1 1
514 25 7 7 7 2
516 26 8 8 8 2
518 23 8 8 8 2
520 26 9 9 9 2
522 16 8 8 8 2
524 18 7 7 7 2
526 21 6 6 6 1
528 22 5 5 5 1
530 24 4 4 4 1
532 55 4 4 4 1
534 80 2 2 2 0
536 104 1 1 1 0
538 149 -1 -1 -1 0
540 173 -6 -5 -6 -1
542 206 -9 -8 -9 -2
544 281 -13 -13 -14 -3
546 322 -19 -22 -22 -6
548 353 -21 -21 -22 -6
550 397 -23 -23 -23 -6
552 403 -23 -23 -23 -6
554 405 -26 -35 -31 -10
556 394 -27 -26 -27 -7
558 390 -27 -27 -28 -8
560 383 -28 -28 -28 -8
562 376 -29 -28 -29 -8
564 371 -30 -29 -30 -8
567 354 -31 -30 -31 -9
569 342 -35 -54 -39 -15
571 340 -35 -34 -35 -10
573 353 -41 -47 -43 -14
575 369 -35 -34 -35 -10
577 370 -43 -47 -43 -14
579 371 -35 -34 -36 -10
581 372 -36 -35 -36 -10
583 366 -46 -48 -44 -14
585 365 -36 -36 -36 -10
587 366 -46 -48 -44 -14
589 364 -47 -45 -47 -13
591 362 -45 -44 -45 -13
593 361 -37 -37 -37 -11
595 360 -37 -37 -29 -11
597 357 -46 -44 -37 -13
599 360 -46 -44 -45 -13
601 358 -37 -36 -37 -10
603 354 -44 -44 -44 -13
605 355 -44 -44 -44 -13
607 352 -41 -41 -41 -12
609 353 -43 -43 -43 -12
611 351 -41 -41 -41 -12
613 349 -49 -45 -49 -13
615 348 -42 -42 -42 -12
617 349 -41 -41 -41 -12
619 347 -38 -38 -38 -11
621 343 -36 -29 -30 -8
623 347 -42 -42 -38 -12
625 344 -43 -43 -43 -12
627 343 -42 -42 -42 -12
629 340 -41 -41 -41 -12
631 339 -41 -41 -41 -12
633 339 -40 -40 -40 -12
635 338 -42 -42 -42 -12
637 338 -42 -42 -42 -12
639 335 -47 -46 -47 -13
641 334 -37 -42 -49 -12
643 335 -41 -41 -41 -12
645 332 -40 -40 -40 -12
647 335 -40 -40 -40 -12
649 333 -40 -40 -40 -12
651 330 -40 -40 -40 -12
653 331 -45 -42 -45 -12
655 330 -44 -42 -44 -12
657 326 -38 -38 -38 -11
659 329 -43 -40 -43 -12
661 328 -43 -40 -43 -12
663 324 -40 -40 -40 -12
665 325 -40 -39 -40 -11
667 324 -49 -43 -48 -12
669 325 -47 -42 -47 -12
671 322 -48 -42 -48 -12
673 321 -47 -42 -47 -12
675 322 -47 -42 -47 -12
677 323 -47 -42 -47 -12
679 318 -47 -42 -47 -12
681 319 -47 -42 -47 -12
683 316 -49 -43 -51 -12
685 317 -42 -40 -43 -12
687 318 -42 -40 -42 -12
689 313 -42 -40 -42 -12
691 313 -42 -40 -42 -12
693 315 -42 -40 -42 -12
695 312 -47 -43 -50 -12
697 311 -49 -43 -51 -12
699 311 -47 -42 -49 -12
701 310 -95 -95 -57 -18
703 308 -43 -42 -49 -12
705 310 -42 -40 -42 -12
707 306 -80 -80 -50 -18
709 305 -45 -41 -45 -12
711 307 -43 -40 -43 -12
713 304 -92 -92 -51 -18
715 303 -47 -41 -47 -12
717 305 -47 -41 -47 -12
719 303 -47 -41 -47 -12
721 303 -42 -40 -42 -12
723 305 -42 -40 -42 -12
725 301 -42 -40 -42 -12
727 300 -47 -44 -50 -13
729 301 -38 -38 -42 -11
731 299 -40 -40 -40 -12
733 297 -28 -26 -32 -7
735 301 -50 -43 -40 -12
737 296 -50 -43 -48 -12
739 297 -38 -38 -40 -11
741 300 -47 -43 -47 -12
743 296 -46 -43 -46 -12
745 295 -46 -43 -46 -12
747 296 -46 -43 -46 -12
749 296 -40 -40 -40 -12
751 295 -40 -40 -40 -12
753 293 -41 -41 -41 -12
755 294 -41 -41 -41 -12
757 294 -43 -42 -43 -12
759 292 -43 -42 -43 -12
761 292 -41 -37 -42 -11
763 291 -43 -42 -43 -12
765 293 -41 -41 -41 -12
767 290 -40 -40 -40 -12
769 290 -41 -41 -41 -12
771 286 -40 -40 -40 -12
773 288 -47 -41 -48 -12
775 289 -47 -42 -47 -12
777 287 -47 -41 -48 -12
779 285 -47 -41 -48 -12
781 280 -40 -40 -40 -12
783 278 -39 -39 -39 -11
785 274 -40 -40 -40 -12
787 267 -40 -40 -40 -12
789 266 -40 -40 -40 -12
791 261 -34 -34 -34 -10
793 258 -40 -40 -40 -12
795 253 -42 -42 -42 -12
797 247 -35 -35 -35 -10
799 245 -40 -40 -40 -12
801 242 -42 -42 -42 -12
803 238 -44 -39 -45 -11
805 234 -42 -42 -42 -12
807 230 -44 -44 -44 -13
809 222 -44 -44 -44 -13
811 222 -42 -42 -42 -12
813 220 -40 -40 -40 -12
815 214 -44 -44 -44 -13
817 213 -41 -41 -41 -12
819 205 -43 -43 -43 -12
821 203 -42 -42 -42 -12
823 196 -42 -42 -42 -12
825 196 -40 -40 -40 -12
827 190 -41 -41 -41 -12
829 190 -40 -40 -40 -12
831 186 -40 -40 -40 -12
833 182 -40 -40 -40 -12
835 178 -40 -40 -40 -12
837 173 -34 -34 -34 -10
839 169 -34 -34 -34 -10
841 167 -35 -32 -35 -9
843 163 -29 -27 -30 -8
845 161 -33 -31 -33 -9
847 155 -48 -46 -41 -13
849 152 -46 -48 -49 -14
851 149 -48 -46 -57 -13
853 144 -39 -39 -49 -11
855 139 -39 -39 -41 -11
857 137 -38 -38 -38 -11
859 135 -38 -38 -38 -11
861 130 -38 -38 -38 -11
863 128 -38 -38 -38 -11
865 126 -38 -38 -38 -11
867 122 -38 -38 -38 -11
869 114 -39 -39 -39 -11
871 114 -39 -39 -39 -11
873 112 -35 -31 -35 -9
875 104 -34 -30 -35 -9
877 101 -19 -16 -27 -4
879 97 -31 -27 -31 -8
881 95 -31 -27 -31 -8
883 93 -31 -27 -31 -8
885 90 -20 -20 -23 -6
887 82 -20 -20 -20 -6
889 84 -20 -20 -20 -6
891 81 -20 -20 -20 -6
893 76 -46 -47 -28 -12
895 73 -46 -47 -36 -14
897 68 -37 -37 -37 -11
899 63 -48 -45 -45 -13
901 61 -48 -45 -53 -13
903 59 -48 -45 -57 -13
905 55 -48 -41 -49 -12
907 50 -39 -39 -41 -11
909 50 -37 -37 -37 -11
911 41 -37 -37 -37 -11
913 38 -37 -37 -37 -11
915 32 -37 -37 -37 -11
917 28 -37 -37 -37 -11
919 22 -37 -37 -37 -11
921 20 -37 -37 -37 -11
923 18 -37 -37 -37 -11
925 18 -49 -45 -45 -13
927 13 -49 -43 -53 -12
929 7 -32 -28 -45 -8
931 10 -33 -29 -37 -8
933 10 -49 -45 -45 -13
935 8 -37 -37 -37 -11
937 7 -37 -37 -37 -11
939 6 -37 -37 -37 -11
941 3 -37 -37 -37 -11
943 0 -37 -37 -37 -11
945 -1 -37 -37 -37 -11
947 -1 -37 -37 -37 -11
949 -1 -37 -37 -37 -11
951 0 -39 -39 -39 -11
953 0 -39 -39 -39 -11
955 0 -39 -39 -39 -11
957 0 -33 -29 -32 -8
959 0 -34 -26 -24 -7
961 0 -33 -29 -32 -8
963 0 -33 -29 -33 -8
965 0 -33 -26 -25 -7
967 0 -33 -26 -21 -7
969 0 -24 -24 -24 -7
971 0 -36 -36 -32 -10
973 0 -36 -36 -36 -10
975 0 -38 -38 -38 -11
977 0 -34 -34 -34 -10
979 0 -34 -26 -26 -7
981 0 -47 -47 -34 -13
983 0 -34 -39 -38 -11
985 0 -25 -23 -30 -6
987 0 -34 -30 -28 -9
989 0 -34 -30 -31 -9
991 0 -34 -31 -34 -9
993 0 -24 -24 -26 -7
995 0 -24 -24 -24 -7
997 0 -37 -37 -32 -11
999 0 -37 -37 -37 -11
1001 0 -35 -35 -35 -10
1003 0 -35 -35 -35 -10
1005 0 -35 -35 -35 -10
1007 0 -47 -47 -43 -14
1009 0 -47 -47 -51 -14
1011 0 -37 -33 -43 -9
1013 0 -35 -35 -35 -10
1015 0 -35 -35 -35 -10
1017 0 -35 -35 -35 -10
1019 0 -24 -21 -27 -6
1021 0 -24 -21 -24 -6
1023 0 -24 -21 -24 -6
1025 0 -24 -24 -24 -7
1027 0 -24 -24 -24 -7
1029 0 -22 -22 -22 -6
1031 0 -22 -22 -22 -6
1033 0 -22 -22 -22 -6
1035 0 -22 -22 -22 -6
1037 0 -22 -22 -22 -6
1039 0 -22 -22 -22 -6
1041 0 -37 -33 -30 -9
1043 0 -37 -33 -38 -9
1045 0 -37 -33 -39 -9
1047 0 -33 -33 -33 -9
1049 0 -37 -33 -39 -9
1051 0 -32 -32 -32 -9
1053 0 -29 -29 -29 -8
1055 0 -23 -21 -21 -6
1057 0 -36 -32 -29 -9
1059 0 -24 -24 -23 -7
1061 0 -21 -21 -21 -6
1063 0 -24 -21 -19 -6
1065 0 -23 -21 -19 -6
1067 0 -34 -29 -27 -8
1069 0 -22 -22 -22 -6
1071 0 -22 -22 -22 -6
1073 0 -21 -21 -21 -6
1075 0 -33 -28 -29 -8
1077 0 -26 -26 -26 -7
1079 0 -52 -52 -34 -13
1081 0 -51 -51 -42 -15
1083 0 -51 -51 -50 -15
1085 0 -20 -17 -42 -9
1087 0 -19 -18 -34 -5
1089 0 -19 -18 -26 -5
1091 0 -19 -18 -18 -5
1093 0 -50 -50 -26 -11
1095 0 -49 -49 -34 -14
1097 0 -49 -49 -42 -14
1099 0 -49 -49 -49 -14