3 4 -3 -3 -3 0
5 3 -3 -3 -3 0
7 5 -3 -3 -3 0
9 8 -3 -3 -3 0
11 9 -3 -3 -3 0
13 11 -3 -3 -3 0
15 14 -3 -3 -3 0
17 16 -3 -3 -3 0
19 16 -3 -3 -3 0
21 21 -3 -3 -3 0
23 18 -3 -3 -3 0
25 20 -3 -3 -3 0
27 24 -3 -3 -3 0
29 26 -3 -2 -3 0
31 27 -3 -2 -3 0
33 29 -3 -2 -3 0
35 30 -3 -2 -3 0
37 31 -3 -2 -3 0
39 34 -3 -2 -3 0
41 34 -3 -2 -3 0
43 37 -3 -2 -3 0
45 38 -2 -2 -2 0
47 42 -2 -2 -2 0
49 40 -2 -2 -2 0
51 45 -2 -2 -2 0
53 43 -2 -2 -2 0
55 45 -2 -2 -2 0
57 48 -2 -2 -2 0
59 49 -2 -2 -2 0
61 51 -2 -1 -2 0
63 52 -1 -1 -2 0
65 54 -2 -1 -2 0
67 56 -1 -1 -1 0
69 57 -1 -1 -1 0
71 57 -1 -1 -1 0
73 60 -1 -1 -1 0
75 61 -1 -1 -1 0
77 62 0 0 0 0
80 66 0 0 0 0
82 65 0 0 0 0
84 68 0 0 0 0
86 69 0 0 0 0
88 73 0 0 0 0
91 72 1 -2 -2 0
93 76 1 -1 -2 0
95 76 1 -1 -2 0
97 77 1 -1 -2 0
100 78 1 -1 -2 0
102 81 2 0 -1 0
104 82 2 0 -1 0
107 84 2 0 -1 0
109 85 2 1 0 0
112 87 2 1 0 0
114 89 2 2 0 0
117 90 2 2 1 0
119 92 3 3 1 0
122 94 3 3 2 0
124 96 4 4 2 1
127 97 4 4 1 1
129 96 5 5 2 1
131 101 6 6 3 1
134 101 5 6 3 1
136 103 6 7 3 2
139 103 9 7 4 2
141 105 9 7 4 2
143 108 9 8 4 2
145 109 9 8 4 2
147 108 9 8 5 2
149 113 10 8 5 2
151 112 10 9 5 2
153 114 10 9 5 2
155 111 10 9 5 2
157 116 10 9 5 2
159 116 10 9 5 2
161 117 10 9 5 2
163 118 11 9 5 2
165 120 11 10 5 3
167 123 11 10 5 3
169 121 11 10 5 3
171 124 11 10 5 3
173 125 11 10 5 3
175 127 11 10 5 3
177 126 11 10 5 3
179 128 11 10 5 3
181 129 11 10 4 3
183 129 11 10 4 3
185 129 11 9 4 2
187 132 11 9 4 2
189 134 11 9 4 2
191 133 11 9 4 2
193 134 11 9 3 2
195 135 11 9 3 2
197 137 11 9 3 2
199 138 11 9 3 2
201 136 11 8 2 2
203 138 10 8 2 2
205 140 10 8 2 2
207 142 10 8 2 2
209 141 10 8 1 2
211 145 10 7 1 2
213 145 10 7 1 2
215 145 10 7 1 2
217 145 10 7 0 2
219 147 10 7 0 2
221 147 9 7 0 2
223 148 9 6 -1 1
225 149 9 6 -1 1
227 151 9 6 -1 1
229 151 9 6 -1 1
231 152 9 5 -2 1
233 152 9 5 -2 1
235 153 9 5 -2 1
237 154 8 5 -2 1
239 156 8 5 -2 1
241 158 8 4 -3 1
243 154 8 4 -3 1
245 160 8 4 -3 1
247 163 8 4 -3 1
249 157 8 4 -3 1
251 161 8 4 -3 1
253 163 8 4 -3 1
255 160 8 4 -3 1
257 162 8 4 -3 1
259 163 7 7 5 2
261 166 7 7 7 2
263 162 7 7 7 2
265 164 7 7 7 2
267 169 7 7 7 2
269 162 7 3 -1 0
271 165 7 3 -3 0
273 171 7 3 -3 0
275 168 7 7 5 2
277 170 7 7 7 2
279 169 7 7 7 2
281 176 6 6 6 1
283 170 6 6 6 1
285 173 6 6 6 1
287 175 6 6 6 1
289 174 6 6 6 1
291 174 6 6 6 1
293 173 6 6 6 1
295 178 6 6 6 1
297 176 6 6 6 1
299 174 6 5 5 1
301 179 5 5 5 1
303 178 5 5 5 1
305 177 6 5 6 1
307 180 6 6 6 1
309 180 5 5 5 1
311 178 5 5 5 1
313 181 5 5 4 1
315 177 4 4 4 1
317 185 4 4 4 1
319 184 4 4 4 1
321 186 4 4 4 1
323 176 3 4 3 1
325 181 3 3 3 0
327 185 4 3 3 0
329 183 4 4 4 1
331 186 4 5 4 1
333 176 4 4 4 1
335 187 3 3 3 0
337 188 3 3 2 0
339 193 4 3 4 0
341 199 3 3 3 0
343 178 2 1 2 0
345 187 2 1 2 0
347 188 1 1 1 0
349 188 1 1 1 0
351 189 0 0 0 0
353 192 1 1 1 0
355 188 1 1 1 0
357 188 1 1 1 0
359 188 1 1 1 0
361 189 1 1 1 0
363 197 1 1 1 0
366 191 2 1 2 0
368 193 2 2 2 0
370 192 2 2 2 0
372 194 2 2 2 0
374 197 2 2 2 0
376 197 2 2 2 0
378 194 2 2 2 0
380 197 3 2 3 0
382 200 3 3 3 0
384 200 3 3 3 0
386 198 4 3 4 0
388 197 4 3 4 0
390 200 4 4 4 1
392 197 5 4 5 1
394 200 5 4 5 1
396 199 5 4 5 1
398 205 5 5 5 1
400 201 6 5 6 1
402 197 6 5 6 1
404 203 6 5 6 1
406 202 6 6 7 1
408 201 7 6 7 1
410 205 7 6 7 1
412 206 7 7 7 2
414 201 8 7 8 2
416 200 8 8 8 2
418 205 8 8 8 2
420 206 9 9 9 2
422 205 9 8 9 2
424 205 9 8 9 2
426 208 9 9 9 2
428 205 9 8 9 2
430 207 9 8 9 2
432 210 9 9 9 2
434 208 10 9 10 2
436 211 9 9 9 2
438 206 9 9 9 2
440 211 9 9 10 2
442 211 10 9 10 2
444 208 9 9 9 2
446 216 9 9 10 2
448 211 9 9 9 2
450 210 9 9 9 2
452 211 9 8 9 2
454 209 9 9 9 2
456 212 9 9 9 2
458 214 9 8 9 2
460 211 9 9 9 2
462 215 9 8 9 2
464 215 8 8 9 2
466 214 8 8 8 2
468 216 8 8 8 2
470 214 8 8 8 2
472 218 8 8 8 2
474 218 8 8 8 2
476 216 8 8 8 2
478 222 8 8 8 2
480 216 8 7 8 2
482 218 7 7 7 2
484 219 7 7 7 2
486 222 7 6 7 1
488 220 6 6 6 1
490 223 6 6 6 1
492 219 6 5 6 1
494 221 5 5 6 1
496 223 5 5 5 1
498 221 5 5 5 1
500 222 5 5 5 1
502 222 5 4 5 1
504 219 5 4 5 1
506 225 5 5 5 1
508 223 5 4 5 1
510 222 6 6 6 1
512 225 4 4 4 1
514 225 4 4 4 1
516 221 4 3 4 0
518 225 3 3 3 0
520 227 3 3 3 0
522 223 3 2 3 0
524 228 3 2 3 0
526 228 2 2 2 0
529 224 2 2 2 0
531 231 1 1 1 0
533 230 1 1 1 0
535 229 1 1 1 0
537 231 1 1 1 0
539 231 1 1 1 0
541 229 1 1 1 0
543 232 1 1 1 0
546 231 1 1 1 0
548 231 1 1 1 0
550 231 1 1 1 0
552 233 1 1 1 0
554 228 1 1 1 0
556 230 1 1 1 0
558 236 1 1 1 0
560 229 1 1 1 0
562 234 1 1 1 0
564 235 2 1 2 0
566 232 2 1 2 0
568 231 2 1 2 0
570 235 2 1 2 0
572 233 2 1 2 0
574 228 2 2 2 0
576 235 2 2 2 0
578 235 2 2 2 0
580 235 3 2 3 0
582 236 3 3 3 0
584 231 3 2 3 0
586 236 4 3 4 0
588 234 4 4 4 1
590 239 4 4 5 1
592 240 5 4 5 1
595 237 5 4 5 1
597 234 6 6 6 1
599 241 6 6 6 1
601 241 6 5 6 1
603 236 6 6 7 1
605 240 7 6 7 1
607 240 7 7 7 2
609 240 8 7 8 2
611 238 8 7 8 2
613 241 8 8 8 2
615 244 8 8 9 2
617 238 9 9 9 2
619 241 9 8 9 2
621 241 9 9 10 2
623 242 10 9 10 2
625 239 10 10 10 3
627 242 10 9 10 2
629 242 11 10 11 3
631 241 11 10 11 3
633 241 10 10 11 3
635 246 10 10 11 3
637 246 11 11 11 3
639 239 11 11 11 3
641 245 11 10 11 3
643 244 11 11 11 3
645 245 11 10 11 3
647 244 11 11 11 3
649 243 11 10 11 3
651 244 11 11 11 3
653 243 11 11 11 3
655 244 11 10 11 3
657 249 11 10 11 3
659 244 11 11 11 3
661 247 11 10 11 3
663 247 10 10 10 3
665 246 10 10 10 3
667 253 10 10 10 3
669 247 9 9 9 2
671 252 9 9 9 2
673 249 9 8 9 2
675 245 9 8 9 2
677 249 8 7 9 2
679 248 9 9 9 2
681 253 8 8 8 2
683 247 8 8 8 2
685 246 7 7 7 2
687 251 7 7 7 2
689 250 6 6 6 1
691 253 5 6 5 1
693 249 5 5 5 1
695 250 4 4 4 1
697 253 3 3 3 0
699 249 2 2 2 0
701 254 1 2 1 0
703 255 1 1 0 0
705 249 0 0 -1 0
707 252 -1 -1 -2 0
709 250 -2 -2 -2 0
711 252 -3 -2 -3 0
713 258 -4 -3 -4 0
715 253 -4 -4 -4 -1
717 252 -5 -4 -5 -1
719 253 -5 -4 -5 -1
721 255 -5 -5 -6 -1
723 254 -6 -5 -6 -1
725 255 -6 -6 -7 -1
727 255 -7 -6 -7 -1
729 254 -7 -6 -7 -1
731 252 -7 -7 -7 -2
733 256 -7 -7 -7 -2
735 258 -7 -7 -7 -2
737 253 -7 -7 -7 -2
739 256 -7 -6 -7 -1
741 253 -7 -6 -7 -1
743 258 -6 -6 -6 -1
745 258 -6 -6 -6 -1
747 258 -6 -5 -6 -1
749 257 -5 -5 -5 -1
751 252 -5 -5 -5 -1
753 260 -5 -4 -5 -1
755 258 -4 -4 -4 -1
757 254 -3 -3 -3 0
759 264 -2 -2 -3 0
761 257 -1 -1 -1 0
763 256 -1 -1 -1 0
765 258 0 0 0 0
767 255 1 1 1 0
769 258 2 2 2 0
771 255 3 3 3 0
773 259 4 3 4 0
775 257 4 4 4 1
777 260 5 5 5 1
779 260 6 6 6 1
781 258 7 6 7 1
783 257 7 7 7 2
785 255 8 8 8 2
787 262 8 8 8 2
789 258 9 9 9 2
791 257 10 9 10 2
793 259 10 10 10 3
795 264 10 10 10 3
797 260 10 10 10 3
799 260 8 8 8 2
801 259 9 9 9 2
803 259 9 9 9 2
805 264 9 8 9 2
807 259 9 9 10 2
809 258 10 9 10 2
811 259 10 10 10 3
813 260 10 9 10 2
815 264 10 10 10 3
817 257 10 10 11 3
819 265 11 10 11 3
821 262 11 10 11 3
823 260 11 10 11 3
825 260 11 10 11 3
827 264 11 10 11 3
829 261 11 10 11 3
831 263 11 10 11 3
833 265 10 10 11 3
835 263 10 10 10 3
837 263 10 10 10 3
839 262 10 10 10 3
841 263 10 10 10 3
843 261 10 10 10 3
845 264 10 10 10 3
847 264 10 10 10 3
849 267 9 9 9 2
851 265 9 8 9 2
853 261 9 9 9 2
855 264 8 8 8 2
857 264 7 7 8 2
859 266 8 7 8 2
861 260 7 7 8 2
863 263 7 7 7 2
865 265 7 7 7 2
867 266 7 6 7 1
869 268 6 6 6 1
871 263 6 5 6 1
873 266 5 5 6 1
875 264 5 5 5 1
877 270 5 4 5 1
879 263 4 4 4 1
881 262 4 3 4 0
883 265 3 -1 -4 0
885 266 3 -1 -1 0
887 266 2 -2 -4 0
889 269 2 -3 -7 0
891 265 1 -4 -7 -1
893 263 1 -4 -7 -1
895 268 0 -4 -6 -1
897 268 0 -5 -14 -1
899 269 0 0 -6 0
901 266 0 3 2 0
903 267 -1 2 4 0
905 265 -1 9 12 2
907 271 -1 12 20 3
909 265 1 20 28 6
911 267 -4 -5 20 0
913 266 1 0 12 0
915 265 -1 -1 4 0
917 269 -1 -12 -4 -3
919 268 -2 -2 -2 0
921 264 -3 -29 -10 -6
923 237 -9 -40 -18 -12
925 210 -22 -48 -26 -14
927 190 -27 -27 -27 -8
929 181 -31 -31 -31 -9
931 178 -36 -42 -39 -12
933 182 -46 -39 -47 -11
935 180 -59 -59 -55 -17
937 181 -34 19 -47 -11
939 181 -36 -42 -39 -12
941 175 -26 -26 -31 -7
943 167 -29 -29 -29 -8
945 170 -83 -83 -37 -14
948 185 -29 -8 -29 -8
950 198 -53 -52 -37 -14
952 208 17 0 -29 -8
954 212 26 23 -21 -2
956 217 15 16 -13 4
958 229 -14 -16 -14 -2
960 229 0 -16 -18 -4
962 232 -15 -41 -26 -10
964 238 -18 -18 -18 -5
966 244 -6 7 -10 1
968 246 6 6 -2 1
970 252 4 4 4 1
972 255 0 -1 0 0
974 256 60 60 8 6
976 266 1 1 1 0
978 270 0 0 0 0
980 273 -3 -6 -8 -1
982 276 4 4 0 1
984 277 -4 -4 -4 -1
986 281 3 3 3 0
988 285 -18 -16 -5 -4
990 286 -17 -17 -13 -5
992 290 -24 -24 -21 -7
994 293 0 0 -13 -1
996 297 -9 -9 -9 -2
998 296 0 0 -1 0
1000 303 -66 -66 -9 -6
1002 303 0 0 -1 0
1004 305 0 0 0 0
1006 306 -55 -55 -8 -6
1008 308 -50 -50 -16 -12
1010 311 -44 -44 -24 -13
1012 313 -33 -34 -32 -10
1014 315 -33 -34 -33 -10
1016 319 -33 -34 -33 -10
