3 2 -3 -3 -3 0
5 4 -3 -2 -3 0
7 5 -3 -3 -3 0
9 8 -3 -3 -3 0
11 9 -3 -3 -3 0
13 11 -3 -3 -3 0
15 13 -3 -2 -3 0
17 14 -3 -3 -3 0
19 15 -3 -3 -3 0
21 17 -3 -2 -3 0
24 18 -3 -3 -3 0
26 20 -3 -3 -3 0
28 21 -3 -3 -3 0
30 24 -3 -3 -3 0
32 24 -3 -3 -3 0
34 26 -3 -2 -3 0
36 28 -3 -2 -3 0
38 29 -3 -2 -3 0
40 30 -3 -2 -3 0
42 33 -3 -2 -3 0
44 34 -3 -2 -3 0
46 36 -3 -2 -3 0
49 38 -3 -2 -3 0
51 39 -2 -2 -2 0
53 42 -2 -2 -2 0
55 43 -2 -2 -2 0
57 45 -2 -2 -2 0
59 46 -2 -2 -2 0
61 48 -2 -2 -2 0
63 49 -2 -2 -2 0
66 51 -2 -1 -2 0
68 54 -1 -1 -1 0
70 55 -1 -1 -1 0
72 57 -1 -1 -1 0
74 57 -1 -1 -1 0
76 60 1 1 2 0
79 62 2 1 2 0
81 64 2 1 2 0
83 63 2 1 2 0
85 66 1 1 1 0
87 67 1 1 1 0
90 68 1 0 1 0
92 70 1 1 1 0
94 72 0 -3 -4 0
96 73 1 -3 -4 0
99 75 0 -3 -4 0
101 77 0 -3 -3 0
103 79 0 -2 -3 0
105 80 0 -2 -3 0
108 80 0 -2 -3 0
110 83 0 -2 -2 0
112 85 0 -1 -2 0
115 86 0 -1 -2 0
117 87 1 0 -1 0
120 89 1 0 -1 0
122 90 1 1 -1 0
125 93 1 1 -1 0
127 92 1 2 0 0
129 96 2 3 -1 0
132 96 3 3 0 0
134 97 4 4 0 1
136 98 4 4 1 1
139 101 4 4 1 1
141 103 7 5 1 1
143 103 8 6 2 1
145 103 8 6 2 1
147 105 8 6 2 1
149 106 8 6 2 1
151 109 8 6 2 1
153 109 9 7 3 2
155 110 9 7 3 2
157 113 9 9 9 2
159 113 9 8 3 2
161 112 10 9 10 2
163 116 10 9 10 2
165 117 10 9 10 2
167 118 10 10 10 3
169 118 10 10 10 3
171 120 10 10 10 3
173 121 10 9 4 2
175 121 10 9 4 2
177 122 10 9 4 2
179 123 11 9 4 2
181 126 11 9 4 2
183 125 11 9 4 2
185 128 11 9 4 2
187 129 11 9 4 2
189 130 11 9 4 2
191 127 11 9 4 2
193 129 11 9 4 2
195 133 11 9 4 2
197 133 11 9 3 2
199 133 11 9 3 2
201 135 11 9 3 2
203 136 11 9 3 2
205 137 11 9 3 2
207 136 10 9 3 2
209 141 10 8 2 2
211 141 10 8 2 2
213 137 10 8 2 2
215 142 10 8 2 2
217 141 10 8 2 2
219 143 10 8 1 2
221 143 10 8 1 2
223 145 10 8 1 2
225 146 10 7 1 2
227 146 10 7 1 2
229 147 9 7 0 2
231 146 9 7 0 2
233 148 10 7 0 2
235 149 9 6 0 1
237 151 9 6 -1 1
239 149 9 6 -1 1
241 150 9 6 -1 1
243 154 9 6 -1 1
245 152 9 5 -2 1
247 152 9 5 -2 1
249 154 9 5 -2 1
251 155 8 5 -2 1
253 156 9 5 -2 1
255 158 8 5 -2 1
257 158 8 5 -2 1
259 160 8 8 6 2
261 159 8 8 8 2
263 162 8 8 8 2
265 162 8 8 8 2
267 160 8 8 8 2
269 164 8 8 8 2
271 166 8 8 8 2
273 161 8 8 8 2
275 163 8 8 8 2
277 166 8 8 8 2
279 169 8 8 8 2
281 164 8 8 8 2
283 165 8 7 8 2
285 170 7 7 7 2
287 168 7 7 7 2
289 171 7 7 7 2
291 172 7 7 7 2
293 169 7 6 6 1
295 174 6 6 6 1
297 167 6 6 6 1
299 170 6 6 6 1
301 173 6 6 6 1
303 175 5 5 5 1
305 173 5 5 5 1
307 176 5 5 5 1
309 175 5 5 5 1
311 177 5 5 5 1
313 175 5 5 5 1
315 175 5 4 4 1
317 177 4 4 4 1
319 180 4 4 4 1
321 177 4 4 4 1
323 178 4 4 4 1
325 180 3 4 3 1
327 183 3 3 3 0
329 170 3 3 3 0
331 177 3 3 3 0
333 182 3 3 3 0
335 180 4 4 4 1
337 181 4 4 4 1
339 177 4 4 4 1
341 180 3 3 3 0
343 186 3 3 3 0
345 187 1 2 1 0
347 189 3 4 3 1
349 177 2 2 2 0
351 183 2 2 2 0
353 185 2 2 2 0
355 187 2 1 2 0
357 185 2 2 2 0
359 185 2 2 2 0
361 182 3 2 3 0
363 185 2 2 2 0
365 187 2 2 2 0
367 186 3 2 3 0
369 190 3 3 3 0
371 191 3 3 3 0
373 188 4 3 4 0
375 189 3 3 3 0
377 190 4 3 4 0
379 198 4 3 4 0
381 187 4 3 4 0
383 196 4 3 4 0
385 192 4 4 4 1
387 191 5 4 5 1
389 194 5 4 5 1
391 200 5 5 5 1
393 190 5 5 6 1
395 198 5 5 6 1
397 192 6 6 6 1
399 196 6 6 6 1
401 194 7 6 7 1
403 198 7 6 7 1
405 198 7 7 7 2
407 196 7 6 7 1
409 194 7 7 7 2
411 198 7 7 8 2
413 199 8 8 8 2
415 197 8 7 8 2
417 199 8 7 8 2
419 197 8 7 8 2
421 200 9 8 9 2
423 199 9 8 9 2
425 198 9 8 9 2
427 198 9 9 9 2
429 200 9 9 9 2
431 202 9 9 9 2
433 202 9 9 9 2
435 203 9 9 9 2
437 201 9 9 9 2
439 206 9 8 9 2
441 201 9 9 9 2
443 201 9 8 9 2
445 205 9 8 9 2
447 206 9 9 9 2
449 206 9 9 10 2
451 204 9 8 9 2
453 215 9 8 9 2
455 200 9 9 9 2
457 203 9 9 9 2
459 210 9 8 9 2
461 208 9 9 9 2
463 208 9 9 9 2
465 209 8 8 9 2
467 206 8 8 8 2
469 210 8 8 9 2
471 207 8 8 8 2
473 211 8 7 8 2
475 209 8 8 8 2
477 211 8 8 8 2
479 214 7 7 8 2
481 212 7 7 8 2
483 213 8 7 8 2
485 215 7 7 7 2
487 217 7 7 7 2
489 213 7 7 7 2
491 217 7 6 7 1
493 213 7 6 7 1
495 217 6 6 6 1
497 217 6 6 6 1
499 218 6 6 6 1
501 218 6 5 6 1
503 217 5 5 6 1
505 218 5 5 5 1
507 220 5 5 5 1
509 216 5 5 5 1
511 220 5 5 5 1
513 217 5 5 5 1
515 218 6 5 6 1
517 218 6 4 6 1
519 217 6 6 6 1
521 220 5 5 5 1
523 220 4 4 4 1
525 220 4 4 4 1
527 221 4 3 4 0
529 219 4 4 4 1
531 222 4 3 4 0
533 222 3 3 3 0
535 223 3 3 3 0
537 223 3 3 3 0
540 224 3 3 3 0
542 224 3 2 3 0
544 226 2 2 3 0
546 226 3 2 3 0
548 224 3 2 3 0
550 225 3 2 3 0
552 228 3 2 3 0
554 223 3 2 3 0
556 227 3 2 3 0
558 228 3 3 3 0
560 226 3 3 3 0
562 228 3 3 3 0
565 229 3 3 3 0
567 226 3 3 3 0
569 229 3 3 3 0
571 228 3 3 3 0
573 229 4 3 4 0
575 229 4 3 4 0
577 224 4 3 4 0
579 227 4 3 4 0
581 230 4 3 4 0
583 229 4 3 4 0
585 228 4 4 4 1
587 228 4 4 4 1
589 234 4 4 4 1
591 229 5 4 5 1
593 229 5 4 5 1
595 231 5 4 5 1
597 232 6 5 6 1
599 231 6 5 6 1
601 233 6 6 6 1
603 234 6 6 6 1
605 230 6 5 6 1
607 233 7 6 7 1
609 234 7 6 7 1
611 235 7 7 7 2
613 235 7 6 7 1
615 235 7 7 7 2
617 236 7 6 7 1
619 233 7 7 7 2
621 235 8 8 8 2
623 236 8 7 8 2
625 235 8 7 8 2
627 238 8 7 8 2
629 236 8 8 8 2
631 236 9 8 9 2
633 237 9 8 9 2
635 233 9 8 9 2
637 238 9 8 9 2
639 236 9 8 9 2
641 236 9 9 9 2
643 236 9 9 10 2
645 238 9 9 9 2
647 236 9 9 9 2
649 237 9 9 9 2
651 239 9 9 9 2
653 238 9 9 9 2
655 238 9 9 10 2
657 238 9 9 10 2
659 238 9 9 9 2
661 237 9 9 9 2
663 243 9 9 9 2
665 241 9 9 9 2
667 245 9 9 9 2
669 237 10 9 10 2
671 242 9 9 10 2
673 243 9 9 9 2
675 244 9 9 9 2
677 243 9 9 9 2
679 244 9 8 9 2
681 243 8 8 8 2
683 245 8 8 8 2
685 244 8 7 8 2
687 244 8 8 8 2
689 246 8 8 9 2
691 244 9 9 9 2
693 243 9 8 9 2
695 246 8 8 8 2
697 245 8 8 8 2
699 245 8 7 8 2
701 244 7 7 7 2
703 246 7 7 7 2
705 246 6 6 6 1
707 246 6 6 6 1
709 247 5 5 5 1
711 247 5 5 5 1
713 246 4 4 4 1
715 249 4 4 4 1
717 247 3 3 3 0
719 248 3 3 2 0
721 247 2 3 2 0
723 246 2 2 2 0
725 245 1 2 1 0
727 245 0 -5 -7 -1
729 249 0 -5 -12 -1
731 247 -1 0 -4 0
733 249 -1 0 -1 0
735 246 -1 -6 -9 -1
737 249 -2 -7 -12 -2
739 250 -2 -1 -4 0
741 250 -2 -2 -2 0
743 250 -2 -1 -2 0
745 247 -2 -1 -2 0
747 251 -2 -2 -2 0
749 251 -2 -1 -2 0
751 253 -2 -1 -2 0
753 252 -1 0 -1 0
755 248 -1 0 -1 0
757 252 0 0 0 0
759 251 0 0 0 0
761 248 0 0 0 0
763 252 0 1 0 0
765 253 0 1 0 0
767 251 1 1 1 0
769 252 1 1 1 0
771 252 1 1 1 0
773 250 1 2 1 0
775 255 2 3 2 0
777 251 3 3 2 0
779 254 3 3 3 0
781 250 3 3 3 0
783 254 3 3 3 0
785 254 4 4 4 1
787 255 5 5 5 1
789 252 5 5 5 1
791 252 5 5 5 1
793 254 6 6 6 1
795 257 7 6 7 1
797 255 7 6 7 1
799 254 7 7 7 2
801 257 8 7 8 2
803 258 8 8 8 2
805 254 8 8 8 2
807 256 9 9 9 2
809 253 8 8 8 2
811 258 10 9 10 2
813 254 7 7 7 2
815 256 7 7 7 2
817 256 7 7 8 2
819 258 8 7 8 2
821 255 8 8 8 2
823 257 8 7 8 2
825 257 8 8 8 2
827 256 8 8 8 2
829 258 8 7 8 2
831 255 9 8 9 2
833 257 8 8 8 2
835 262 8 8 8 2
837 256 8 8 8 2
839 257 8 8 8 2
841 255 8 7 8 2
843 260 8 7 8 2
845 260 8 7 8 2
847 259 8 7 8 2
849 259 7 7 8 2
851 259 8 7 8 2
853 260 8 7 8 2
855 258 7 7 7 2
857 261 7 7 7 2
859 260 7 6 7 1
861 258 7 7 7 2
863 261 6 6 7 1
865 259 6 6 6 1
867 261 6 6 6 1
869 259 6 6 6 1
871 261 5 4 5 1
873 260 5 4 5 1
875 260 5 5 5 1
877 260 5 4 5 1
879 263 4 4 5 1
881 259 5 4 5 1
883 263 4 2 -3 0
885 261 4 1 -7 0
887 263 4 3 1 0
889 262 3 0 -7 0
891 261 3 3 1 0
893 262 3 3 3 0
895 263 3 3 3 0
897 262 3 2 3 0
899 262 2 2 2 0
901 261 2 2 2 0
903 261 3 2 3 0
905 262 2 -1 -2 0
907 264 2 -2 0 0
909 263 2 -2 3 0
911 261 2 -1 4 0
913 259 2 1 8 0
915 265 3 5 12 1
917 264 2 9 14 2
919 263 2 10 14 3
921 262 2 7 10 2
923 260 3 9 12 2
925 266 4 15 20 4
927 260 3 3 12 0
929 264 3 -8 4 -2
931 264 3 3 3 0
933 263 3 3 3 0
935 266 3 -11 -5 -3
937 262 2 1 2 0
939 264 -1 -1 -1 0
941 242 -18 -40 -9 -6
943 219 -33 -29 -17 -8
945 199 -15 -39 -25 -11
947 176 -21 -21 -21 -6
949 157 -23 -23 -23 -6
951 152 -17 -17 -17 -5
953 151 -102 -102 -25 -11
955 144 -1 -6 -17 -5
957 134 -8 -14 -17 -4
959 126 -23 -23 -23 -6
961 127 -41 -46 -31 -12
963 135 -55 -62 -39 -18
965 150 -45 -44 -44 -13
967 154 26 26 -36 -7
969 163 59 59 -28 -1
971 171 0 0 -20 0
973 185 -42 -54 -28 -6
975 190 -47 -57 -36 -12
977 201 -43 -58 -44 -17
979 207 8 4 -36 -11
981 213 -71 -71 -44 -17
983 217 0 0 -36 -11
985 226 2 2 -28 -5
987 229 -22 -17 -23 -5
989 232 71 71 -15 1
991 237 -16 -14 -16 -4
993 243 -17 -17 -17 -5
995 245 -114 -114 -25 -11
997 255 0 0 -17 -5
999 257 -46 -53 -25 -11
1001 263 -43 -47 -33 -14
1003 266 -56 -57 -41 -17
1005 266 -25 -25 -33 -11
1007 268 -10 -10 -25 -5
1009 275 -26 -25 -26 -7
1011 279 -23 -21 -23 -6
1013 282 -21 -20 -22 -6
1015 284 -9 -9 -14 -2