4 0 7 7 7 6
7 22 7 7 7 7
10 53 7 7 7 7
13 91 7 6 7 6
16 119 7 6 7 6
19 145 7 6 7 6
22 159 7 6 7 6
25 167 6 6 6 6
28 166 6 6 6 6
31 163 6 5 6 5
34 161 5 5 5 5
37 162 5 5 5 5
40 169 4 4 4 4
43 172 4 4 4 4
46 179 3 3 3 3
49 176 2 3 2 3
52 175 1 1 1 1
55 170 0 0 0 0
58 172 0 0 0 0
61 176 -1 -1 -1 -1
64 178 -1 -1 -1 -1
67 180 -1 -1 -1 -1
70 174 -1 -1 -1 -1
73 165 -1 -1 -1 -1
76 154 0 -1 -1 -1
79 156 0 0 0 0
82 172 1 1 1 1
85 178 2 2 2 2
88 188 3 3 3 3
91 184 3 3 3 3
94 183 4 4 4 4
97 186 5 5 6 5
100 186 6 6 6 6
103 189 6 6 6 6
106 178 7 6 7 6
109 177 6 6 6 6
112 186 5 5 6 5
115 192 5 4 5 4
118 198 3 3 3 3
121 192 1 1 1 1
124 197 -1 -1 -1 -1
127 207 -3 -3 -3 -3
130 200 -5 -4 -5 -4
133 204 -6 -6 -6 -6
136 212 -8 -7 -8 -7
139 209 -8 -7 -8 -7
142 217 -7 -7 -8 -7
145 219 -6 -6 -6 -6
148 222 -5 -4 -5 -4
151 222 -2 -2 -2 -2
154 222 0 0 0 0
157 227 3 3 3 3
160 229 6 6 6 6
163 228 9 8 9 8
166 229 11 10 11 11
169 232 12 12 13 13
172 232 13 12 13 13
175 201 13 12 13 13
178 153 12 12 13 13
181 108 11 11 11 12
184 72 8 8 8 8
187 60 3 3 3 3
190 76 -3 -3 -3 -3
193 85 -10 -9 -10 -9
196 76 -15 -14 -15 -15
198 70 -20 -18 -20 -19
201 72 -23 -21 -23 -23
203 68 -39 -35 -31 -29
205 66 -26 -26 -26 -28
207 61 -125 -125 -34 -30
209 62 0 0 -26 -24
211 64 -43 -43 -34 -30
213 67 -39 -51 -42 -30
215 64 -35 -33 -35 -30
217 56 -36 -34 -36 -30
219 56 -35 -33 -36 -30
221 55 -35 -33 -35 -30
223 64 -34 -33 -35 -30
225 67 -34 -32 -34 -30
227 68 -32 -31 -33 -30
229 66 -31 -30 -31 -30
231 62 -29 -28 -29 -30
233 64 -26 -24 -26 -26
235 78 -23 -21 -23 -23
237 76 -20 -19 -20 -20
240 65 -18 -17 -18 -18
243 32 -15 -13 -15 -14
246 50 -10 -9 -10 -9
249 82 -7 -6 -7 -6
252 72 -3 -2 -3 -2
255 35 0 0 0 0
258 37 3 3 3 3
261 74 5 4 5 4
264 58 6 5 6 5
267 36 6 5 6 5
270 41 7 6 7 6
273 53 7 6 7 6
276 48 7 6 7 6
279 40 7 6 7 6
282 41 7 6 7 6
285 37 7 6 7 6
288 31 6 6 7 6
291 30 6 6 7 6
294 27 6 6 7 6
297 25 6 6 7 6
300 22 6 5 7 5
303 20 6 5 7 5
306 18 7 6 7 6
309 16 6 5 7 5
312 16 6 5 6 5
315 13 6 5 7 5
318 13 6 5 6 5
321 11 6 5 6 5
324 10 6 5 6 5
327 9 6 5 6 5
330 8 6 5 6 5
333 7 6 5 6 5
336 6 6 5 6 5
339 4 6 5 6 5
342 3 6 5 6 5
345 1 6 5 6 5
348 0 6 5 6 5
351 0 6 5 6 5
354 0 6 5 6 5
357 0 6 5 6 5
360 -1 6 5 6 5
363 -1 6 5 6 5
366 -1 6 5 6 5
369 -1 6 5 6 5
372 -1 6 5 6 5
375 -1 6 5 6 5
378 -1 6 5 6 5
381 -1 6 5 6 5
384 0 6 5 6 5
387 0 6 5 6 5
390 0 6 5 6 5
393 0 6 5 6 5
396 0 6 5 6 5
399 0 6 5 6 5
402 0 6 5 6 5
405 0 6 5 6 5
408 0 6 5 6 5
411 0 6 5 6 5
414 0 6 5 6 5
417 0 6 5 6 5
420 0 6 5 6 5
423 0 6 5 6 5
426 0 6 5 6 5
429 0 6 5 6 5
432 0 6 5 6 5
435 0 6 5 6 5
438 0 6 5 6 5
441 0 6 5 6 5
444 0 6 5 6 5
447 0 6 5 6 5
450 0 6 5 6 5
453 0 6 5 6 5
456 0 6 5 6 5
459 0 6 5 6 5
462 0 6 5 6 5
465 0 6 5 6 5
468 0 6 5 6 5
471 0 6 5 6 5
474 0 6 5 6 5
477 0 6 5 6 5
480 0 6 5 6 5
483 0 6 5 6 5
486 0 6 5 6 5
489 0 6 5 6 5
492 0 6 5 6 5
495 0 6 5 6 5
498 0 6 5 6 5
501 0 6 5 6 5
504 0 6 5 6 5
507 0 6 5 6 5
510 0 6 5 6 5
513 0 6 5 6 5
516 0 6 5 6 5
519 0 6 5 6 5
522 0 6 5 6 5
525 0 6 5 6 5
528 0 6 5 6 5
531 0 6 5 6 5
534 0 6 5 6 5
537 0 6 5 6 5
540 0 6 5 6 5
543 0 6 5 6 5
546 0 6 5 6 5
549 0 6 5 6 5
552 0 6 5 6 5
555 0 6 5 6 5
558 0 6 5 6 5
561 0 6 5 6 5
564 0 6 5 6 5
567 0 6 5 6 5
570 0 6 5 6 5
573 0 6 5 6 5
576 0 6 5 6 5
579 0 6 5 6 5
582 0 6 5 6 5
585 0 6 5 6 5
588 0 6 5 6 5
591 0 6 5 6 5
594 0 6 5 6 5
597 0 6 5 6 5
600 0 6 5 6 5
603 0 6 5 6 5
606 0 6 5 6 5
609 0 6 5 6 5
612 0 6 5 6 5
615 0 6 5 6 5
618 0 6 5 6 5
621 0 6 5 6 5
624 0 6 5 6 5
627 0 6 5 6 5
630 0 6 5 6 5
633 0 6 5 6 5
636 0 6 5 6 5
639 0 6 5 6 5
642 0 6 5 6 5
645 0 6 5 6 5
648 0 6 5 6 5
651 0 6 5 6 5
654 0 6 5 6 5
657 0 6 5 6 5
660 0 6 5 6 5
663 0 6 5 6 5
666 0 6 5 6 5
669 0 6 5 6 5
672 0 6 5 6 5
675 0 6 5 6 5
678 0 6 5 6 5
681 0 6 5 6 5
684 0 6 5 6 5
687 0 6 5 6 5
690 0 6 5 6 5
693 0 6 5 6 5
696 0 6 5 6 5
699 0 6 5 6 5
702 0 6 5 6 5
705 0 6 5 6 5
708 0 6 5 6 5
711 0 6 5 6 5
714 0 6 5 6 5
717 0 6 5 6 5
720 0 6 5 6 5
723 0 6 5 6 5
726 0 6 5 6 5
729 0 6 5 6 5
732 0 6 5 6 5
735 0 6 5 6 5
738 0 6 5 6 5
741 0 6 5 6 5
744 0 6 5 6 5
747 0 6 5 6 5
750 0 6 5 6 5
753 0 6 5 6 5
756 0 6 5 6 5
759 0 6 5 6 5
762 0 6 5 6 5
765 0 6 5 6 5
768 0 6 5 6 5
771 0 6 5 6 5
774 0 6 5 6 5
777 0 6 5 6 5
780 0 6 5 6 5
783 0 6 5 6 5
786 0 6 5 6 5
789 0 6 5 6 5
792 0 6 5 6 5
795 0 6 5 6 5
798 0 6 5 6 5
801 0 6 5 6 5
804 0 6 5 6 5
807 0 6 5 6 5
810 0 6 5 6 5
813 0 6 5 6 5
816 0 6 5 6 5
819 0 6 5 6 5
822 0 6 5 6 5
825 0 6 5 6 5
828 0 6 5 6 5
831 0 6 5 6 5
834 0 6 5 6 5
837 0 6 5 6 5
840 0 6 5 6 5
843 0 6 5 6 5
846 0 6 5 6 5
849 0 6 5 6 5
852 0 6 5 6 5
855 0 6 5 6 5
858 0 6 5 6 5
861 0 6 5 6 5
864 0 6 5 6 5
867 0 6 5 6 5
870 0 6 5 6 5
873 0 6 5 6 5
876 0 6 5 6 5
879 0 6 5 6 5
882 0 6 5 6 5
885 0 6 5 6 5
888 0 6 5 6 5
891 0 6 5 6 5
894 0 6 5 6 5
897 0 6 5 6 5
900 0 6 5 6 5
903 0 6 5 6 5
906 0 6 5 6 5
909 0 6 5 6 5
912 0 6 5 6 5
915 0 6 5 6 5
918 0 6 5 6 5
921 0 6 5 6 5
924 0 6 5 6 5
927 0 6 5 6 5
930 0 6 5 6 5
933 0 6 5 6 5
936 0 6 5 6 5
939 0 6 5 6 5
942 0 6 5 6 5
945 0 6 5 6 5
948 0 6 5 6 5
951 0 6 5 6 5
954 0 6 5 6 5
957 0 6 5 6 5
960 0 6 5 6 5
963 0 6 5 6 5
966 0 6 5 6 5
969 0 6 5 6 5
972 0 6 5 6 5
975 0 6 5 6 5
978 0 6 5 6 5
981 0 6 5 6 5
984 0 6 5 6 5
987 0 6 5 6 5
990 0 6 5 6 5
993 0 6 5 6 5
996 0 6 5 6 5
999 0 6 5 6 5
1002 0 6 5 6 5
1005 0 6 5 6 5
1008 0 6 5 6 5
1011 0 6 5 6 5
1014 0 6 5 6 5
1017 0 6 5 6 5
1020 0 6 5 6 5
1023 0 6 5 6 5
1026 0 6 5 6 5
1029 0 6 5 6 5
1032 0 6 5 6 5
1035 0 6 5 6 5
1038 0 6 5 6 5
1041 0 6 5 6 5
1044 0 6 5 6 5
1047 0 6 5 6 5
1050 0 6 5 6 5
1053 0 6 5 6 5
1056 0 6 5 6 5
1059 0 6 5 6 5
1062 0 6 5 6 5
1065 0 6 5 6 5
1068 0 6 5 6 5
1071 0 6 5 6 5
1074 0 6 5 6 5
1077 0 6 5 6 5
1080 0 6 5 6 5
1083 0 6 5 6 5
1086 0 6 5 6 5
1089 0 6 5 6 5
1092 0 6 5 6 5
1095 0 6 5 6 5
1098 0 6 5 6 5
1101 0 6 5 6 5
1104 0 6 5 6 5
1107 0 6 5 6 5
1110 0 6 5 6 5
1113 0 6 5 6 5
1116 0 6 5 6 5
1119 0 6 5 6 5
1122 0 6 5 6 5
1125 0 6 5 6 5
1128 0 6 5 6 5
1131 0 6 5 6 5
1134 0 6 5 6 5
1137 0 6 5 6 5
1140 0 6 5 6 5
1143 0 6 5 6 5
1146 0 6 5 6 5
1149 0 6 5 6 5
1152 0 6 5 6 5
1155 0 6 5 6 5
1158 0 6 5 6 5
1161 0 6 5 6 5
1164 0 6 5 6 5
1167 0 6 5 6 5
1170 0 6 5 6 5
1173 0 6 5 6 5
1176 0 6 5 6 5
1179 0 6 5 6 5
1182 0 6 5 6 5
1185 0 6 5 6 5
1188 0 6 5 6 5
1191 0 6 5 6 5
1194 0 6 5 6 5
1197 0 6 5 6 5
1200 0 6 5 6 5
1203 0 6 5 6 5
1206 0 6 5 6 5
1209 0 6 5 6 5
1212 0 6 5 6 5
1215 0 6 5 6 5
1218 0 6 5 6 5
1221 0 6 5 6 5
1224 0 6 5 6 5
1227 0 6 5 6 5
1230 0 6 5 6 5
1233 0 6 5 6 5
1236 0 6 5 6 5
1239 0 6 5 6 5
1242 0 6 5 6 5
1245 0 6 5 6 5
1248 0 6 5 6 5
1251 0 6 5 6 5
1254 0 6 5 6 5
1257 0 6 5 6 5
1260 0 6 5 6 5
1263 0 6 5 6 5
1266 0 6 5 6 5
1269 0 6 5 6 5
1272 0 6 5 6 5
1275 0 6 5 6 5
1278 0 6 5 6 5
1281 0 6 5 6 5
1284 0 6 5 6 5
1287 0 6 5 6 5
1290 0 6 5 6 5
1293 0 6 5 6 5
1296 0 6 5 6 5
1299 0 6 5 6 5
1302 0 6 5 6 5
1305 0 6 5 6 5
1308 0 6 5 6 5
1311 0 6 5 6 5
1314 0 6 5 6 5
1317 0 6 5 6 5
1320 0 6 5 6 5
1323 0 6 5 6 5
1326 0 6 5 6 5
1329 0 6 5 6 5
1332 0 6 5 6 5
1335 0 6 5 6 5
1338 0 6 5 6 5
1341 0 6 5 6 5
1344 0 6 5 6 5
1347 0 6 5 6 5
1350 0 6 5 6 5
1353 0 6 5 6 5
1356 0 6 5 6 5
1359 0 6 5 6 5
1362 0 6 5 6 5
1365 0 6 5 6 5
1368 0 6 5 6 5
1371 0 6 5 6 5
1374 0 6 5 6 5
1377 0 6 5 6 5
1380 0 6 5 6 5
1383 0 6 5 6 5
1386 0 6 5 6 5
1389 0 6 5 6 5
1392 0 6 5 6 5
1395 0 6 5 6 5
1398 0 6 5 6 5
1401 0 6 5 6 5
1404 0 6 5 6 5
1407 0 6 5 6 5
1410 0 6 5 6 5
1413 0 6 5 6 5
1416 0 6 5 6 5
1419 0 6 5 6 5
1422 0 6 5 6 5
1425 0 6 5 6 5
1428 0 6 5 6 5
1431 0 6 5 6 5
1434 0 6 5 6 5
1437 0 6 5 6 5
1440 0 6 5 6 5
1443 0 6 5 6 5
1446 0 6 5 6 5
1449 0 6 5 6 5
1452 0 6 5 6 5
1455 0 6 5 6 5
1458 0 6 5 6 5
1461 0 6 5 6 5
1464 0 6 5 6 5
1467 0 6 5 6 5
1470 0 6 5 6 5
1473 0 6 5 6 5
1476 0 6 5 6 5
1479 0 6 5 6 5
1482 0 6 5 6 5