3 0 -1 -1 -1 0
6 0 -1 -1 -1 0
8 3 -1 -1 -1 0
11 10 -1 0 -1 0
13 19 -1 0 -1 0
16 23 -1 0 -1 0
18 30 0 0 0 0
21 36 0 0 -1 0
23 45 -1 0 -1 0
26 48 -1 0 -1 0
28 56 0 0 0 0
31 61 0 0 0 0
33 66 0 0 0 0
36 73 0 0 0 0
38 79 0 0 0 0
41 84 0 0 0 0
43 92 1 1 1 0
46 96 1 1 1 0
48 104 1 1 1 0
51 106 1 1 1 0
53 115 1 1 1 0
56 121 2 2 2 0
58 129 2 2 2 0
61 131 2 2 2 0
63 146 2 2 2 0
66 140 2 2 2 0
68 146 2 2 2 0
71 155 3 3 3 0
74 160 4 4 4 1
77 165 5 5 6 1
80 192 7 6 7 1
83 192 8 8 8 2
86 199 9 9 9 2
89 197 9 9 9 2
92 204 10 9 10 2
95 219 11 10 11 3
98 221 11 11 11 3
101 229 11 11 11 3
104 232 11 11 11 3
107 243 11 11 11 3
110 251 11 11 11 3
113 253 11 10 11 3
116 266 10 10 10 3
119 274 10 10 10 3
122 283 9 9 9 2
125 276 8 8 8 2
128 302 6 6 6 1
131 305 6 6 6 1
134 316 6 6 6 1
137 303 4 4 4 1
140 314 1 2 1 0
143 315 1 1 1 0
146 321 0 0 0 0
149 334 -2 -2 -2 0
152 330 -4 -3 -4 0
155 346 -4 -3 -4 0
158 393 -3 -3 -3 0
161 360 -4 -4 -4 -1
164 393 -5 -5 -5 -1
167 377 -4 -4 -4 -1
170 379 -4 -4 -4 -1
173 382 -4 -4 -4 -1
176 383 -3 -3 -3 0
179 400 -2 -2 -2 0
182 413 -1 -1 -1 0
185 415 1 1 1 0
188 421 3 3 3 0
191 415 5 4 5 1
194 429 6 6 6 1
197 440 8 7 8 2
200 443 10 10 10 3
203 448 13 12 13 3
206 465 14 13 14 3
209 470 16 15 16 4
211 474 17 16 17 4
214 475 18 17 18 5
216 468 19 19 20 5
219 478 20 19 20 5
221 486 20 20 20 6
224 492 20 20 21 6
226 472 21 20 21 6
229 423 21 20 21 6
231 381 20 20 21 6
234 404 20 19 20 5
236 352 19 18 19 5
239 348 18 18 19 5
242 332 17 16 17 4
245 313 14 14 15 4
248 288 11 11 11 3
251 239 7 7 7 2
254 223 4 4 4 1
257 237 -3 -2 -4 0
260 231 -11 -9 -11 -2
262 198 -17 -15 -17 -4
264 182 -22 -20 -22 -6
266 175 -25 -24 -26 -7
268 204 -29 -28 -30 -8
270 199 -35 -33 -35 -9
272 182 -41 -39 -41 -11
274 165 -46 -44 -46 -13
276 152 -51 -49 -52 -14
278 149 -63 -61 -60 -18
281 172 -7 -14 -52 -12
283 168 -50 -50 -50 -15
285 146 -35 -35 -42 -10
288 128 2 6 -34 -4
290 116 17 18 -26 2
292 90 16 31 -18 8
295 82 18 0 -26 2
297 95 21 -6 -34 -1
300 104 18 -11 -42 -3
302 112 13 -16 -48 -4
304 113 9 -22 -56 -6
306 111 7 -23 -62 -6
309 92 4 -21 -54 -6
311 85 -1 8 -46 0
314 66 -7 -23 -53 -6
316 84 0 -23 -54 -6
318 64 -1 5 -46 0
320 54 22 32 -38 6
322 79 1 6 -30 1
324 62 28 28 -22 7
326 61 23 32 -14 9
328 69 25 32 -6 9
330 66 26 28 2 8
332 69 -1 1 3 2
334 70 15 31 11 8
336 72 26 28 19 8
338 74 3 -9 11 2
340 71 6 22 19 6
342 69 46 47 27 12
344 69 38 34 30 10
346 68 38 35 32 10
348 65 38 35 31 10
350 67 21 23 23 6
352 65 39 39 31 11
354 67 39 41 39 12
356 69 0 19 47 6
358 12 0 23 53 6
360 -2 26 39 57 11
362 10 26 37 63 11
364 36 28 37 57 11
366 50 0 20 58 6
368 67 30 37 55 11
370 26 0 24 60 7
372 49 -1 28 59 8
374 44 1 28 51 8
376 49 2 -27 43 2
378 53 4 19 51 5
380 59 39 41 54 11
382 -2 38 41 54 12
384 4 2 -23 46 6
386 7 34 41 54 12
388 11 35 41 55 12
390 10 3 -20 47 6
392 18 35 40 55 12
394 36 -29 -40 47 6
396 45 -29 -41 39 0
398 13 37 42 47 6
400 1 4 -22 39 0
402 4 39 40 41 6
404 4 6 6 33 1
406 4 7 11 25 3
408 4 -27 -40 17 -3
410 3 5 5 9 1
412 0 -22 -35 1 -5
414 0 2 2 2 0
416 0 8 8 8 2
418 1 3 3 3 0
420 2 3 3 3 0
422 2 3 3 3 0
424 1 2 2 2 0
426 0 7 11 10 3
428 0 7 7 7 2
430 0 7 11 14 3
432 0 3 3 6 0
434 0 4 4 4 1
436 1 4 4 4 1
438 0 7 8 7 2
440 0 8 11 15 3
442 0 -37 -36 7 -3
444 0 2 2 2 0
446 0 2 2 2 0
448 1 9 13 10 3
450 1 3 3 3 0
452 0 3 3 3 0
454 0 4 4 4 1
456 0 3 3 3 0
458 0 8 12 11 3
460 0 8 12 15 3
462 0 3 3 7 0
464 0 3 3 3 0
466 0 3 3 3 0
468 0 8 12 11 3
470 0 3 3 3 0
472 0 3 3 3 0
474 0 3 3 3 0
476 0 7 8 7 2
478 0 8 11 15 3
480 0 9 9 9 2
482 0 3 3 3 0
484 0 3 3 3 0
486 0 8 8 8 2
488 0 8 9 8 2
490 0 3 3 3 0
492 0 3 3 3 0
494 0 3 3 3 0
496 0 9 9 9 2
498 0 3 3 3 0
500 0 3 3 3 0
502 0 3 3 3 0
504 0 9 9 9 2
506 0 3 3 3 0
508 0 3 3 3 0
510 0 16 38 11 6
512 0 3 3 3 0
514 0 17 39 11 6
516 0 9 9 9 2
518 0 3 3 3 0
520 0 3 3 3 0
522 0 8 9 8 2
524 0 3 3 3 0
526 0 3 3 3 0
528 0 3 3 3 0
530 0 3 3 3 0
532 0 2 2 2 0
534 0 14 37 10 6
536 0 3 3 3 0
538 0 3 3 3 0
540 0 3 3 3 0
542 0 3 3 3 0
544 0 -36 -35 -5 -6
546 0 9 9 3 0
548 0 3 3 3 0
550 0 3 3 3 0
552 0 3 3 3 0
554 0 3 3 3 0
556 0 3 3 3 0
558 0 7 8 7 2
560 0 3 3 3 0
562 0 3 3 3 0
564 0 3 3 3 0
566 0 3 3 3 0
568 0 -29 -29 -5 -6
570 0 3 3 3 0
572 0 3 3 3 0
574 0 -29 -29 -5 -6
576 0 3 3 3 0
578 0 3 3 3 0
580 0 3 3 3 0
582 0 3 3 3 0
584 0 3 3 3 0
586 0 8 9 8 2
588 0 3 3 3 0
590 0 3 3 3 0
592 0 3 3 3 0
594 0 3 3 3 0
596 0 3 3 3 0
598 0 -29 -29 -5 -6
600 0 17 38 3 0
602 0 3 3 3 0
604 0 3 3 3 0
606 0 3 3 3 0
608 0 8 9 8 2
610 0 2 2 2 0
612 0 3 3 3 0
614 0 3 3 3 0
616 0 9 9 9 2
618 0 3 3 3 0
620 0 -23 -32 -5 -6
622 0 3 3 3 0
624 0 3 3 3 0
626 0 3 3 3 0
628 0 3 3 3 0
630 0 3 3 3 0
632 0 3 3 3 0
634 0 3 3 3 0
636 0 3 3 3 0
638 0 3 3 3 0
640 0 3 3 3 0
642 0 3 3 3 0
644 0 3 3 3 0
646 0 -44 -38 -5 -6
648 0 3 3 3 0
650 0 3 3 3 0
652 0 3 3 3 0
654 0 3 3 3 0
656 0 3 3 3 0
658 0 3 3 3 0
660 0 3 3 3 0
662 0 3 3 3 0
664 0 -29 -29 -5 -6
666 0 3 3 3 0
668 0 3 3 3 0
670 0 -30 -30 -5 -6
672 0 3 3 3 0
674 0 -33 -33 -5 -6
676 0 3 3 3 0
678 0 3 3 3 0
680 0 -29 -29 -5 -6
682 0 3 3 3 0
684 0 3 3 3 0
686 0 3 3 3 0
688 0 -30 -30 -5 -6
690 0 3 3 3 0
692 0 3 3 3 0
694 0 3 3 3 0
696 0 12 13 11 3
698 0 3 3 3 0
700 0 12 12 11 3
702 0 3 3 3 0
704 0 12 12 11 3
706 0 11 12 12 3
708 0 12 12 13 3
710 0 -10 -4 5 -1
712 0 12 12 13 3
714 0 12 12 13 3
716 0 40 40 21 9
718 0 46 46 29 13
720 0 12 12 21 7
722 0 37 44 29 13
724 0 11 12 21 7
726 0 12 12 13 3
728 0 40 40 21 9
730 0 11 11 13 3
732 0 18 39 21 9
734 0 12 13 13 3
736 0 36 44 21 9
738 0 18 36 29 10
740 0 12 12 21 4
742 0 12 12 13 3
744 0 39 37 21 9
746 0 37 44 29 13
748 0 36 44 37 13
750 0 36 41 45 12
752 0 47 47 47 14
754 0 12 12 39 8
756 0 47 47 47 14
758 0 36 44 51 13
760 0 19 39 50 11
762 0 10 15 42 5
764 0 36 44 50 11
766 0 12 12 42 5
768 0 36 44 50 11
770 0 36 44 52 13
772 0 36 44 52 13
774 0 36 44 52 13
776 0 3 24 51 7
778 0 36 44 56 13
780 0 47 47 48 14
782 0 36 44 53 13
784 0 38 36 45 10
786 0 37 44 51 13
788 0 14 16 43 7
790 0 4 24 51 7
792 0 3 24 52 7
794 0 47 47 47 13
796 0 17 36 51 10
798 0 12 13 43 4
800 0 12 13 35 3
802 0 12 12 27 3
804 0 37 44 35 9
806 0 35 44 43 13
808 1 34 43 50 12
810 1 35 43 52 12
812 2 9 12 44 6
814 3 35 41 52 12
816 3 3 4 44 6
818 6 0 12 36 3
820 9 2 16 28 4
822 14 33 41 36 10
824 27 3 31 44 9
826 35 2 18 36 5
828 39 4 18 28 5
830 42 4 35 36 10
832 43 7 16 28 4
834 42 0 -4 20 -1
836 38 1 -4 12 -1
838 33 0 -5 4 -1
840 33 1 -25 -4 -7
842 32 1 1 -8 -1
844 37 -34 -39 -16 -7
846 39 -33 -34 -24 -10
848 42 -61 -61 -32 -16
850 40 -53 -53 -40 -15
852 40 -58 -58 -48 -17
854 38 -60 -60 -56 -18
856 38 -61 -61 -61 -18
858 38 -60 -60 -60 -18
860 40 -62 -62 -62 -18
862 39 -61 -61 -61 -18
864 40 -61 -61 -61 -18
866 34 3 3 -53 -12
868 34 0 0 -45 -6
870 37 -33 -23 -37 -6
872 43 -26 -22 -29 -6
874 42 10 11 -21 0
876 42 16 15 -13 4
878 34 9 4 -5 1
880 35 7 -5 -10 -1
882 37 37 35 -2 5
884 44 26 26 6 7
886 43 13 14 14 4
888 42 14 16 16 4
890 36 0 -4 8 -1
892 34 0 -2 16 0
894 30 -1 -4 8 -1
896 37 -2 -6 16 -1
898 38 2 -1 8 0
900 40 -2 -8 16 -2
902 34 -2 -6 8 -1
904 35 -3 -8 0 -2
906 33 1 -3 -8 0
908 33 1 -6 -14 -1
910 33 2 -6 -6 -1
912 31 -2 -9 -13 -2
914 33 -2 -2 -5 0
916 29 -2 -8 -12 -2
918 31 -5 -21 -20 -6
920 26 0 -1 -12 0
922 23 0 6 -4 1
924 26 2 2 4 0
926 27 6 7 12 2
928 27 -1 -4 4 -1
930 28 0 -10 -4 -3
932 24 5 -5 -12 -1
934 24 1 -9 -18 -2
936 27 15 25 -10 4
938 27 4 4 -4 1
940 29 13 20 4 6
942 28 16 21 12 6
944 22 6 6 4 1
946 22 12 28 12 7
948 24 13 18 18 5
950 21 14 20 22 6
952 24 14 17 20 5
954 24 21 29 28 8
956 19 16 25 34 7
958 14 16 31 42 9
960 16 18 -8 34 3
962 24 16 16 26 4
964 23 18 18 18 5
966 19 37 36 26 10
968 18 7 6 18 4
970 16 21 22 21 6
972 17 11 15 13 4
974 18 8 -24 5 -2
976 24 10 13 10 3
978 26 54 54 18 9
980 22 51 51 26 15
982 21 18 18 18 9
984 20 -25 -22 10 3
986 17 7 7 7 2
988 13 -46 -45 -1 -4
990 16 -33 -37 -9 -10
992 22 -2 -2 -2 -4
994 22 -54 -48 -10 -10
996 18 -6 -6 -6 -4
998 19 -6 -6 -6 -1
1000 18 -13 -10 -9 -3
1002 19 -56 -56 -17 -9
1004 13 -10 -9 -10 -3
1006 16 -48 -48 -18 -9
1008 19 -8 -8 -10 -3
1010 19 -37 -37 -18 -9
1012 16 -39 -39 -26 -11
1014 11 -5 16 -18 -5
1016 17 -3 28 -10 1
1018 19 -2 -1 -2 0
1020 18 -1 -1 0 0
1022 9 -1 -1 -1 0
1024 9 0 0 0 0
1026 15 5 12 8 3
1028 21 12 20 16 6
1030 20 13 40 24 12
1032 15 16 40 32 12
1034 14 21 39 40 11
1036 15 26 32 48 9
1038 14 29 47 43 14
1040 13 30 46 45 13
1042 7 34 49 53 14
1044 4 36 47 51 14
1046 10 40 37 49 11
1048 17 42 41 54 12
1050 21 0 0 46 6
1052 16 43 38 43 11
1054 10 12 12 35 5
1056 7 48 44 43 11
1058 11 42 56 51 16
1060 15 51 47 51 14
1062 14 49 47 49 14
1064 6 50 48 50 14
1066 3 47 47 47 14
1068 2 46 50 55 15
1070 6 53 53 53 15
1072 5 50 61 61 18
1074 3 51 51 53 15
1076 1 46 50 53 15
1078 3 -3 -3 45 9
1080 4 41 33 41 9
