255 255 255 255 255 255 255 255 255 255 255 255 255 255 255 255 255 255 255 255 255 255 255 255 255 255 255 255 255 255 255 255 255 255 255 255 255 255 255 255 255 255 255 255 255 255 255 255 255 255 255 255 255 255 255 255 255 255 255 255 255 255 255 255 255 255 255 255 255 255 255 255 255 255 255 255 255 255 255 0 
255 255 255 255 255 255 255 255 255 255 255 255 255 255 255 255 255 255 255 255 255 255 255 255 255 255 255 255 255 255 255 255 255 255 255 255 255 255 255 255 255 255 255 255 255 255 255 255 255 255 255 255 255 255 255 255 255 255 255 255 255 255 255 255 255 255 255 255 255 255 255 255 255 255 255 255 255 255 255 0 
255 255 255 255 255 255 255 255 255 255 255 255 255 255 255 255 255 255 255 255 255 255 255 255 255 255 255 255 255 255 255 255 255 255 255 255 255 255 255 255 255 255 255 255 255 255 255 255 255 255 255 255 255 255 255 255 255 255 255 255 255 255 255 255 255 255 255 255 255 255 255 255 255 255 255 255 255 255 255 0 
154 255 255 255 255 255 255 255 255 255 255 255 255 255 255 255 255 255 255 255 255 255 255 255 255 255 255 255 255 255 255 255 255 255 255 255 255 255 255 255 255 255 255 255 255 255 255 255 255 255 255 255 255 255 255 255 255 255 255 255 255 255 255 255 255 255 255 255 255 255 255 255 255 255 255 255 255 255 255 0 
0 252 255 255 255 255 255 255 255 255 255 255 255 255 255 255 255 255 255 255 255 255 255 255 255 255 255 255 255 255 255 255 255 255 255 255 255 255 255 255 255 255 255 255 255 255 255 255 255 255 255 255 255 255 255 255 255 255 255 255 255 255 255 255 255 255 255 255 255 255 255 255 255 255 255 255 255 255 255 0 
0 39 255 255 255 255 255 255 255 255 255 255 255 255 255 255 255 255 255 255 255 255 255 255 255 255 255 255 255 255 255 255 255 255 255 255 255 255 255 255 255 255 255 255 255 255 255 255 255 255 255 255 255 255 255 255 255 255 255 255 255 255 255 255 255 255 255 255 255 255 255 255 255 255 255 255 255 255 255 0 
0 0 146 255 255 255 255 255 255 255 255 255 255 255 255 255 255 255 255 255 255 255 255 255 255 255 255 255 255 255 255 255 255 255 255 255 255 255 255 255 255 255 255 255 255 255 255 255 255 255 255 255 255 255 255 255 255 255 255 255 255 255 255 255 255 255 255 255 255 255 255 255 255 255 255 255 255 255 255 0 
0 0 0 246 255 255 255 255 255 255 255 255 255 255 255 255 255 255 255 255 255 255 255 255 255 255 255 255 255 255 255 255 255 255 255 255 255 255 255 255 255 255 255 255 255 255 255 255 255 255 255 255 255 255 255 255 255 255 255 255 255 255 255 255 255 255 255 255 255 255 255 255 255 255 255 255 255 255 255 0 
0 0 0 39 255 255 255 255 255 255 255 255 255 255 255 255 255 255 255 255 255 255 255 255 255 255 255 255 255 255 255 255 255 255 255 255 255 255 255 255 255 255 255 255 255 255 255 255 255 255 255 255 255 255 255 255 255 255 255 255 255 255 255 255 255 255 255 255 255 255 255 255 255 255 255 255 255 255 255 0 
17 0 0 0 139 255 255 255 255 255 255 255 255 255 255 255 255 255 255 255 255 255 255 255 255 255 255 255 255 255 255 255 255 255 255 255 255 255 255 255 255 255 255 255 255 255 255 255 255 255 255 255 255 255 255 255 255 255 255 255 255 255 255 255 255 255 255 255 255 255 255 255 255 255 255 255 255 255 255 0 
117 0 0 0 0 202 255 255 255 255 255 255 255 255 255 255 255 255 255 255 255 255 255 255 255 255 255 255 255 255 255 255 255 255 255 255 255 255 255 255 255 255 255 255 255 255 255 255 255 255 255 255 255 255 255 255 255 255 255 255 255 255 255 255 255 255 255 255 255 255 255 255 255 255 255 255 255 255 255 0 
209 113 3 0 0 5 238 255 255 255 255 255 255 255 255 255 255 255 255 255 255 255 255 255 255 255 255 255 255 255 255 255 255 255 255 255 255 255 255 255 255 255 255 255 255 255 255 255 255 255 255 255 255 255 255 255 255 255 255 255 255 255 255 255 255 255 255 255 255 255 255 255 255 255 255 255 255 255 255 0 
255 223 76 0 0 0 25 252 255 255 255 255 255 255 255 255 255 255 255 255 255 255 255 255 255 255 255 255 255 255 255 255 255 255 255 255 255 255 255 255 255 255 255 255 255 255 255 255 255 255 255 255 255 255 255 255 255 255 255 255 255 255 255 255 255 255 255 255 255 255 255 255 255 255 255 255 255 255 255 0 
255 235 129 33 0 0 0 56 255 255 255 255 255 255 255 255 255 255 255 255 255 255 255 255 255 255 255 255 255 255 255 255 255 255 255 255 255 255 255 255 255 255 255 255 255 255 255 255 255 255 255 255 255 255 255 255 255 255 255 255 255 255 255 255 255 255 255 255 255 255 255 255 255 255 255 255 255 255 255 0 
255 254 230 217 100 0 0 0 88 255 255 255 255 255 255 255 255 255 255 255 255 255 255 255 255 255 255 255 255 255 255 255 255 255 255 255 255 255 255 255 255 255 255 255 255 255 255 255 255 255 255 255 255 255 255 255 255 255 255 255 255 255 255 255 255 255 255 255 255 255 255 255 255 255 255 255 255 255 255 0 
255 255 255 255 240 66 0 0 0 124 255 255 255 255 255 255 255 255 255 255 255 255 255 255 255 255 255 255 255 255 255 255 255 255 255 255 255 255 255 255 255 255 255 255 255 255 255 255 255 255 255 255 255 255 255 255 255 255 255 255 255 255 255 255 255 255 255 255 255 255 255 255 255 255 255 255 255 255 255 0 
255 255 255 255 255 185 33 0 0 0 164 255 255 255 255 255 255 255 255 255 255 255 255 255 255 255 255 255 255 255 255 255 255 255 255 255 255 255 255 255 255 255 255 255 255 255 255 255 255 255 255 255 255 255 255 255 255 255 255 255 255 255 255 255 255 255 255 255 255 255 255 255 255 255 255 255 255 255 255 0 
255 255 211 179 225 250 187 76 0 0 0 181 255 255 255 255 255 255 255 255 255 255 255 255 255 255 255 255 255 255 255 255 255 255 255 255 255 255 255 255 255 255 255 255 255 255 255 255 255 255 255 255 255 255 255 255 255 255 255 255 255 255 255 255 255 255 255 255 255 255 255 255 255 255 255 255 255 255 255 0 
255 255 88 29 181 255 255 244 137 1 0 0 192 255 255 255 255 255 255 255 255 255 255 255 255 255 255 255 255 255 255 255 255 255 255 255 255 255 255 255 255 255 255 255 255 255 255 255 255 255 255 255 255 255 255 255 255 255 255 255 255 255 255 255 255 255 255 255 255 255 255 255 255 255 255 255 255 255 255 0 
255 254 117 54 213 255 255 255 254 109 0 0 5 204 255 255 255 255 255 255 255 255 255 255 255 255 255 255 255 255 255 255 255 255 255 255 255 255 255 255 255 255 255 255 255 255 255 255 255 255 255 255 255 255 255 255 255 255 255 255 255 255 255 255 255 255 255 255 255 255 255 255 255 255 255 255 255 255 255 0 
223 223 191 187 255 255 255 255 255 244 106 3 0 7 212 255 255 255 255 255 255 255 255 255 255 255 255 255 255 255 255 255 255 255 255 255 255 255 255 255 255 255 255 255 255 255 255 255 255 255 255 255 255 255 255 255 255 255 255 255 255 255 255 255 255 255 255 255 255 255 255 255 255 255 255 255 255 255 255 0 
213 183 221 199 240 255 255 248 255 255 255 173 0 0 9 212 255 255 255 255 255 255 255 255 255 255 255 255 255 255 255 255 255 255 255 255 255 255 255 255 255 255 255 255 255 255 255 255 255 255 255 255 255 255 255 255 255 255 255 255 255 255 255 255 255 255 255 255 255 255 255 255 255 255 255 255 255 255 255 0 
234 231 207 161 189 255 223 193 255 255 255 255 82 0 0 9 222 255 255 255 255 255 255 255 255 255 255 255 255 255 255 255 255 255 255 255 255 255 255 255 255 255 255 255 255 255 255 255 255 255 255 255 255 255 255 255 255 255 255 255 255 255 255 255 255 255 255 255 255 255 255 255 255 255 255 255 255 255 255 0 
255 255 250 199 217 253 177 171 255 255 255 255 207 27 0 0 9 204 255 255 255 255 255 255 255 255 255 255 255 255 255 255 255 255 255 255 255 255 255 255 255 255 255 255 255 255 255 255 255 255 255 255 255 255 255 255 255 255 255 255 255 255 255 255 255 255 255 255 255 255 255 255 255 255 255 255 255 255 255 0 
255 255 254 235 255 254 243 250 255 255 255 255 255 185 38 0 0 5 204 255 255 255 255 255 255 255 255 255 255 255 255 255 255 255 255 255 255 255 255 255 255 255 255 255 255 255 255 255 255 255 255 255 255 255 255 255 255 255 255 255 255 255 255 255 255 255 255 255 255 255 255 255 255 255 255 255 255 255 255 0 
255 255 255 255 255 254 252 255 255 255 255 255 255 255 199 72 11 0 1 183 255 255 255 255 255 255 255 255 255 255 255 255 255 255 255 255 255 255 255 255 255 255 255 255 255 255 255 255 255 255 255 255 255 255 255 255 255 255 255 255 255 255 255 255 255 255 255 255 255 255 255 255 255 255 255 255 255 255 255 0 
255 255 255 255 255 248 254 255 255 255 254 255 255 255 255 205 125 17 0 0 152 255 255 255 255 255 255 255 255 255 255 255 255 255 255 255 255 255 255 255 255 255 255 255 255 255 255 255 255 255 255 255 255 255 255 255 255 255 255 255 255 255 255 255 255 255 255 255 255 255 255 255 255 255 255 255 255 255 255 0 
255 255 255 255 255 254 250 255 255 255 255 255 255 255 255 247 221 173 43 0 0 98 255 255 255 255 255 255 255 255 255 255 255 255 255 255 255 255 255 255 255 255 255 255 255 255 255 255 255 255 255 255 255 255 255 255 255 255 255 255 255 255 255 255 255 255 255 255 255 255 255 255 255 255 255 255 255 255 255 0 
199 199 205 255 255 255 255 255 255 255 255 255 255 233 211 209 254 255 230 153 29 0 57 238 255 255 255 255 255 255 255 255 255 255 255 255 255 255 255 255 255 255 255 255 255 255 255 255 255 255 255 255 255 255 255 255 255 255 255 255 255 255 255 255 255 255 255 255 255 255 255 255 255 255 255 255 255 255 255 0 
211 199 209 255 255 255 255 255 255 255 255 255 255 179 179 254 255 255 255 255 193 23 0 19 210 255 255 255 255 255 255 255 255 255 255 255 255 255 255 255 255 255 255 255 255 255 255 255 255 255 255 255 255 255 255 255 255 255 255 255 255 255 255 255 255 255 255 255 255 255 255 255 255 255 255 255 255 255 255 0 
245 241 211 255 255 255 255 255 255 255 254 247 255 203 191 251 255 255 254 219 233 151 13 0 1 160 255 255 255 255 255 255 255 255 255 255 255 255 255 255 255 255 255 255 255 255 255 255 255 255 255 255 255 255 255 255 255 255 255 255 255 255 255 255 255 255 255 255 255 255 255 255 255 255 255 255 255 255 255 0 
229 254 251 254 255 255 255 255 255 255 255 254 255 252 225 255 255 255 255 203 237 248 191 50 0 0 114 255 255 255 255 255 255 255 255 255 255 255 255 255 255 255 255 255 255 255 255 255 255 255 255 255 255 255 255 255 255 255 255 255 255 255 255 255 255 255 255 255 255 255 255 255 255 255 255 255 255 255 255 0 
254 255 255 255 255 255 255 255 255 255 255 255 255 255 255 255 255 255 255 255 255 255 255 223 115 17 0 47 230 255 255 255 255 255 255 255 255 255 255 255 255 255 255 255 255 255 255 255 255 255 255 255 255 255 255 255 255 255 255 255 255 255 255 255 255 255 255 255 255 255 255 255 255 255 255 255 255 255 255 0 
255 255 255 255 255 255 255 255 255 255 255 255 255 255 255 255 255 255 255 255 255 255 255 255 239 169 47 0 7 160 255 255 255 255 255 255 255 255 255 255 255 255 255 255 255 255 255 255 255 255 255 255 255 255 255 255 255 255 255 255 255 255 255 255 255 255 255 255 255 255 255 255 255 255 255 255 255 255 255 0 
255 255 255 255 255 255 255 255 255 255 255 255 255 255 255 255 255 255 255 255 255 254 254 255 255 255 232 121 19 0 72 232 255 255 255 255 255 255 255 255 255 255 255 255 255 255 255 255 255 255 255 255 255 255 255 255 255 255 255 255 255 255 255 255 255 255 255 255 255 255 255 255 255 255 255 255 255 255 255 0 
255 255 255 255 255 255 255 255 255 255 255 255 255 255 255 255 255 255 255 255 255 255 255 255 255 255 255 254 191 66 0 15 160 255 255 255 255 255 255 255 255 255 255 255 255 255 255 255 255 255 255 255 255 255 255 255 255 255 255 255 255 255 255 255 255 255 255 255 255 255 255 255 255 255 255 255 255 255 255 0 
255 255 255 255 255 255 255 255 255 255 255 255 255 255 254 255 255 255 255 255 255 255 255 255 255 255 255 255 255 233 141 39 0 66 208 255 255 255 255 255 255 255 255 255 255 255 255 255 255 255 255 255 255 255 255 255 255 255 255 255 255 255 255 255 255 255 255 255 255 255 255 255 255 255 255 255 255 255 255 0 
255 255 255 255 255 255 255 255 255 255 255 255 255 255 253 255 255 255 255 255 255 255 255 255 255 255 255 255 255 254 252 224 127 36 15 104 226 255 255 255 255 255 255 255 255 255 255 255 255 255 255 255 255 255 255 255 255 255 255 255 255 255 255 255 255 255 255 255 255 255 255 255 255 255 255 255 255 255 255 0 
255 255 255 255 255 255 255 255 255 255 255 255 250 223 252 255 255 255 255 254 255 255 255 255 255 255 244 250 229 211 250 255 248 201 84 5 15 144 246 255 255 255 255 255 255 255 255 255 255 255 255 255 255 255 255 255 255 255 255 255 255 255 255 255 255 255 255 255 255 255 255 255 255 255 255 255 255 255 255 0 
255 255 255 255 255 255 255 255 255 255 255 255 225 187 217 255 255 255 215 185 241 255 255 255 255 255 221 207 181 153 211 255 255 255 207 119 74 29 56 183 255 255 255 255 255 255 255 255 255 255 255 255 255 255 255 255 255 255 255 255 255 255 255 255 255 255 255 255 255 255 255 255 255 255 255 255 255 255 255 0 
255 255 255 255 255 255 255 255 255 255 255 255 245 187 185 252 255 255 195 163 207 255 255 255 255 255 252 242 217 189 231 255 255 255 239 217 235 163 58 27 94 204 255 255 255 255 255 255 255 255 255 255 255 255 255 255 255 255 255 255 255 255 255 255 255 255 255 255 255 255 255 255 255 255 255 255 255 255 255 0 
255 255 255 255 255 255 255 255 255 255 255 255 255 239 231 239 245 247 227 215 244 255 255 255 255 255 255 255 255 251 255 255 255 251 219 217 245 219 171 153 125 89 117 202 250 255 255 255 255 255 255 255 255 255 255 255 255 255 255 255 255 255 255 255 255 255 255 255 255 255 255 255 255 255 255 255 255 255 255 0 
255 255 255 255 255 255 255 255 255 255 255 255 255 255 255 254 239 249 255 255 255 255 255 255 255 255 237 223 239 247 255 255 255 255 247 225 229 207 213 252 252 223 141 93 117 187 244 255 255 255 255 255 255 255 255 255 255 255 255 255 255 255 255 255 255 255 255 255 255 255 255 255 255 255 255 255 255 255 255 0 
255 255 255 255 255 255 255 255 255 255 255 255 255 255 255 255 252 237 255 255 255 255 255 255 255 255 205 193 205 211 241 255 255 255 255 251 235 207 229 255 255 255 252 225 161 113 127 179 224 248 255 255 255 255 255 255 255 255 255 255 255 255 255 255 255 255 255 255 255 255 255 255 255 255 255 255 255 255 255 0 
255 255 255 255 255 255 255 255 255 255 255 255 255 255 255 255 255 255 255 255 255 255 255 255 255 241 217 225 245 209 227 255 255 254 248 247 219 203 215 252 255 255 255 255 250 221 199 191 171 161 199 238 252 255 255 255 255 255 255 255 255 255 255 255 255 255 255 255 255 255 255 255 255 255 255 255 255 255 255 0 
255 255 255 255 255 255 255 255 255 255 255 255 255 255 255 255 255 255 255 255 255 255 255 239 235 231 243 255 255 239 235 255 255 254 239 207 167 141 185 235 255 255 255 255 255 255 255 255 250 242 232 221 211 201 223 236 254 255 255 255 255 255 255 255 255 255 255 255 255 255 255 255 255 255 255 255 255 255 255 0 
255 255 255 255 255 255 255 255 255 255 255 254 254 255 255 255 255 255 255 255 255 255 255 235 229 243 251 255 255 255 254 255 255 255 247 201 163 133 165 237 255 255 255 255 255 255 255 255 255 255 255 255 252 242 217 201 213 229 228 232 250 255 255 255 255 255 255 255 255 255 255 255 255 255 255 255 255 255 255 0 
255 255 255 255 255 255 255 255 254 255 255 249 255 255 255 255 255 255 255 255 255 255 255 245 245 249 251 254 255 255 255 247 231 249 254 229 209 205 197 231 255 255 255 255 252 252 247 249 252 255 255 255 255 255 255 255 255 250 213 179 185 209 240 248 248 248 255 255 255 255 255 255 255 255 255 255 255 255 255 0 
255 255 255 255 255 255 255 243 229 255 255 253 255 255 255 255 255 255 255 254 254 255 243 221 197 195 223 249 255 255 255 235 195 239 254 255 249 245 235 231 255 255 246 215 227 233 233 237 235 254 255 255 255 255 255 255 255 255 255 254 254 252 252 241 219 187 183 189 171 169 175 211 228 236 240 240 250 255 254 0 
255 255 255 255 255 255 255 254 237 231 229 251 255 255 255 255 255 255 251 225 249 255 247 183 131 137 207 243 253 255 254 243 201 221 249 245 229 250 235 213 227 246 211 171 197 229 245 225 229 252 255 255 255 255 254 254 255 255 255 255 255 255 255 255 255 250 231 217 185 149 145 171 183 179 175 131 143 157 131 0 
255 255 255 255 255 255 255 255 251 213 223 249 255 255 255 255 255 255 255 235 255 255 255 203 125 149 231 247 251 251 254 239 221 227 247 231 215 241 217 201 205 205 193 167 175 225 233 215 211 233 255 255 255 255 239 229 229 243 255 255 255 254 254 255 255 255 245 221 209 203 197 217 237 239 223 205 185 175 167 0 
255 255 255 255 255 249 247 255 255 239 247 255 247 239 249 255 255 255 255 254 255 255 255 248 201 219 254 254 249 249 239 241 229 239 254 245 239 245 235 211 179 177 205 211 209 207 221 231 219 243 253 254 255 253 217 195 191 223 247 255 254 254 254 254 255 255 254 223 201 215 211 201 215 221 197 179 181 167 153 0 
255 255 255 255 255 239 215 255 255 241 237 255 250 239 255 255 255 255 255 255 255 255 255 255 229 229 249 247 243 237 225 219 223 225 235 229 223 235 241 233 219 203 233 249 252 247 245 249 243 253 255 255 255 247 217 183 181 195 225 235 233 251 254 253 254 255 255 237 229 241 239 207 203 183 171 185 191 175 143 0 
255 255 255 255 255 247 223 235 254 233 237 255 255 255 255 255 255 255 243 251 255 255 255 254 235 233 239 241 235 233 211 185 205 219 203 181 171 195 237 253 233 225 251 249 251 243 254 255 254 247 254 255 250 219 199 207 211 193 199 211 219 243 245 227 223 252 251 243 233 241 217 179 185 185 173 173 185 169 163 0 
255 255 255 255 255 255 233 233 249 245 254 255 255 255 255 255 255 255 231 241 254 254 250 227 213 191 183 195 207 235 213 187 197 211 191 171 157 173 215 235 219 221 229 227 219 217 233 243 237 219 231 237 201 185 171 203 203 199 203 215 219 201 185 181 183 217 239 233 217 223 219 169 163 197 199 191 193 175 163 0 
252 255 255 255 252 243 219 217 239 253 255 255 252 244 255 255 255 252 235 241 239 239 239 241 227 199 165 177 213 225 225 197 197 205 209 181 167 165 193 209 195 185 185 185 193 201 199 191 203 201 211 203 199 167 163 185 193 201 209 221 193 173 175 185 193 203 209 199 199 219 209 179 151 169 181 189 183 165 147 0 
231 241 250 248 241 219 207 205 225 233 252 252 209 207 237 233 229 227 233 243 239 227 239 251 235 207 179 189 195 203 189 171 181 199 201 203 187 177 175 189 179 153 153 165 183 209 215 189 185 201 187 191 193 167 163 163 175 189 203 177 163 139 159 181 191 197 179 153 153 207 219 177 163 163 151 161 171 149 131 0 
219 229 219 221 205 187 201 217 215 219 231 217 195 211 219 205 193 193 213 235 247 213 209 221 211 203 199 191 165 153 151 159 169 167 173 185 173 183 183 181 157 149 143 167 187 217 217 191 181 181 167 177 175 159 159 167 173 179 181 151 129 135 143 153 161 171 157 135 157 189 191 183 181 165 123 109 149 165 145 0 
173 183 179 181 199 195 195 203 209 211 211 193 173 173 215 197 161 167 183 201 223 211 193 195 211 213 207 189 163 143 153 167 171 165 141 137 145 167 167 161 149 155 167 163 171 189 203 177 159 155 171 171 169 173 163 181 189 187 177 143 131 133 129 119 127 155 177 175 169 169 153 145 165 163 115 113 147 139 137 0 
