230 255 255 255 255 255 255 255 255 255 255 255 255 255 255 255 255 255 255 255 255 255 255 255 255 255 255 255 255 255 255 255 255 255 255 255 255 255 255 255 255 255 255 255 255 255 255 255 255 255 255 255 255 255 255 255 255 255 255 255 255 255 255 255 255 255 255 255 255 255 255 255 255 255 255 255 255 255 255 0 
14 255 255 255 255 255 255 255 255 255 255 255 255 255 255 255 255 255 255 255 255 255 255 255 255 255 255 255 255 255 255 255 255 255 255 255 255 255 255 255 255 255 255 255 255 255 255 255 255 255 255 255 255 255 255 255 255 255 255 255 255 255 255 255 255 255 255 255 255 255 255 255 255 255 255 255 255 255 255 0 
0 51 255 255 255 255 255 255 255 255 255 255 255 255 255 255 255 255 255 255 255 255 255 255 255 255 255 255 255 255 255 255 255 255 255 255 255 255 255 255 255 255 255 255 255 255 255 255 255 255 255 255 255 255 255 255 255 255 255 255 255 255 255 255 255 255 255 255 255 255 255 255 255 255 255 255 255 255 255 0 
0 0 77 255 255 255 255 255 255 255 255 255 255 255 255 255 255 255 255 255 255 255 255 255 255 255 255 255 255 255 255 255 255 255 255 255 255 255 255 255 255 255 255 255 255 255 255 255 255 255 255 255 255 255 255 255 255 255 255 255 255 255 255 255 255 255 255 255 255 255 255 255 255 255 255 255 255 255 255 0 
0 0 0 113 255 255 255 255 255 255 255 255 255 255 255 255 255 255 255 255 255 255 255 255 255 255 255 255 255 255 255 255 255 255 255 255 255 255 255 255 255 255 255 255 255 255 255 255 255 255 255 255 255 255 255 255 255 255 255 255 255 255 255 255 255 255 255 255 255 255 255 255 255 255 255 255 255 255 255 0 
0 0 0 0 113 255 255 255 255 255 255 255 255 255 255 255 255 255 255 255 255 255 255 255 255 255 255 255 255 255 255 255 255 255 255 255 255 255 255 255 255 255 255 255 255 255 255 255 255 255 255 255 255 255 255 255 255 255 255 255 255 255 255 255 255 255 255 255 255 255 255 255 255 255 255 255 255 255 255 0 
111 27 0 0 0 140 255 255 255 255 255 255 255 255 255 255 255 255 255 255 255 255 255 255 255 255 255 255 255 255 255 255 255 255 255 255 255 255 255 255 255 255 255 255 255 255 255 255 255 255 255 255 255 255 255 255 255 255 255 255 255 255 255 255 255 255 255 255 255 255 255 255 255 255 255 255 255 255 255 0 
255 224 0 0 0 0 142 255 255 255 255 255 255 255 255 255 255 255 255 255 255 255 255 255 255 255 255 255 255 255 255 255 255 255 255 255 255 255 255 255 255 255 255 255 255 255 255 255 255 255 255 255 255 255 255 255 255 255 255 255 255 255 255 255 255 255 255 255 255 255 255 255 255 255 255 255 255 255 255 0 
255 255 108 2 0 0 0 148 255 255 255 255 255 255 255 255 255 255 255 255 255 255 255 255 255 255 255 255 255 255 255 255 255 255 255 255 255 255 255 255 255 255 255 255 255 255 255 255 255 255 255 255 255 255 255 255 255 255 255 255 255 255 255 255 255 255 255 255 255 255 255 255 255 255 255 255 255 255 255 0 
255 255 254 174 39 0 0 0 138 255 255 255 255 255 255 255 255 255 255 255 255 255 255 255 255 255 255 255 255 255 255 255 255 255 255 255 255 255 255 255 255 255 255 255 255 255 255 255 255 255 255 255 255 255 255 255 255 255 255 255 255 255 255 255 255 255 255 255 255 255 255 255 255 255 255 255 255 255 255 0 
255 255 255 255 222 89 0 0 0 161 255 255 255 255 255 255 255 255 255 255 255 255 255 255 255 255 255 255 255 255 255 255 255 255 255 255 255 255 255 255 255 255 255 255 255 255 255 255 255 255 255 255 255 255 255 255 255 255 255 255 255 255 255 255 255 255 255 255 255 255 255 255 255 255 255 255 255 255 255 0 
255 255 255 255 255 238 124 0 0 0 144 255 255 255 255 255 255 255 255 255 255 255 255 255 255 255 255 255 255 255 255 255 255 255 255 255 255 255 255 255 255 255 255 255 255 255 255 255 255 255 255 255 255 255 255 255 255 255 255 255 255 255 255 255 255 255 255 255 255 255 255 255 255 255 255 255 255 255 255 0 
255 255 255 255 255 255 246 55 0 0 0 127 255 255 255 255 255 255 255 255 255 255 255 255 255 255 255 255 255 255 255 255 255 255 255 255 255 255 255 255 255 255 255 255 255 255 255 255 255 255 255 255 255 255 255 255 255 255 255 255 255 255 255 255 255 255 255 255 255 255 255 255 255 255 255 255 255 255 255 0 
255 255 255 255 255 255 255 222 109 14 0 0 103 255 255 255 255 255 255 255 255 255 255 255 255 255 255 255 255 255 255 255 255 255 255 255 255 255 255 255 255 255 255 255 255 255 255 255 255 255 255 255 255 255 255 255 255 255 255 255 255 255 255 255 255 255 255 255 255 255 255 255 255 255 255 255 255 255 255 0 
255 255 255 255 255 255 255 255 252 186 16 0 0 81 255 255 255 255 255 255 255 255 255 255 255 255 255 255 255 255 255 255 255 255 255 255 255 255 255 255 255 255 255 255 255 255 255 255 255 255 255 255 255 255 255 255 255 255 255 255 255 255 255 255 255 255 255 255 255 255 255 255 255 255 255 255 255 255 255 0 
255 255 255 255 255 255 255 255 255 255 154 12 0 0 55 244 255 255 255 255 255 255 255 255 255 255 255 255 255 255 255 255 255 255 255 255 255 255 255 255 255 255 255 255 255 255 255 255 255 255 255 255 255 255 255 255 255 255 255 255 255 255 255 255 255 255 255 255 255 255 255 255 255 255 255 255 255 255 255 0 
255 255 255 255 255 255 255 255 255 255 252 160 87 12 0 29 226 255 255 255 255 255 255 255 255 255 255 255 255 255 255 255 255 255 255 255 255 255 255 255 255 255 255 255 255 255 255 255 255 255 255 255 255 255 255 255 255 255 255 255 255 255 255 255 255 255 255 255 255 255 255 255 255 255 255 255 255 255 255 0 
255 255 255 255 255 255 255 255 255 255 255 255 250 202 53 0 8 190 255 255 255 255 255 255 255 255 255 255 255 255 255 255 255 255 255 255 255 255 255 255 255 255 255 255 255 255 255 255 255 255 255 255 255 255 255 255 255 255 255 255 255 255 255 255 255 255 255 255 255 255 255 255 255 255 255 255 255 255 255 0 
255 255 255 255 255 255 255 255 255 255 255 255 255 255 244 59 0 0 146 255 255 255 255 255 255 255 255 255 255 255 255 255 255 255 255 255 255 255 255 255 255 255 255 255 255 255 255 255 255 255 255 255 255 255 255 255 255 255 255 255 255 255 255 255 255 255 255 255 255 255 255 255 255 255 255 255 255 255 255 0 
255 236 216 252 255 255 255 255 255 255 236 238 255 255 255 228 65 0 0 79 248 255 255 255 255 255 255 255 255 255 255 255 255 255 255 255 255 255 255 255 255 255 255 255 255 255 255 255 255 255 255 255 255 255 255 255 255 255 255 255 255 255 255 255 255 255 255 255 255 255 255 255 255 255 255 255 255 255 255 0 
255 255 244 238 255 255 255 255 255 255 212 186 246 255 255 255 236 130 6 0 37 222 255 255 255 255 255 255 255 255 255 255 255 255 255 255 255 255 255 255 255 255 255 255 255 255 255 255 255 255 255 255 255 255 255 255 255 255 255 255 255 255 255 255 255 255 255 255 255 255 255 255 255 255 255 255 255 255 255 0 
255 255 254 255 255 255 255 255 255 255 240 188 230 255 255 255 255 255 164 53 0 4 167 255 255 255 255 255 255 255 255 255 255 255 255 255 255 255 255 255 255 255 255 255 255 255 255 255 255 255 255 255 255 255 255 255 255 255 255 255 255 255 255 255 255 255 255 255 255 255 255 255 255 255 255 255 255 255 255 0 
255 255 255 255 255 255 255 255 255 255 255 250 252 255 255 255 255 255 255 242 111 0 0 121 255 255 255 255 255 255 255 255 255 255 255 255 255 255 255 255 255 255 255 255 255 255 255 255 255 255 255 255 255 255 255 255 255 255 255 255 255 255 255 255 255 255 255 255 255 255 255 255 255 255 255 255 255 255 255 0 
255 255 255 255 255 255 255 255 255 255 255 255 255 255 255 255 255 255 255 255 255 180 12 0 69 242 255 255 255 255 255 255 255 255 255 255 255 255 255 255 255 255 255 255 255 255 255 255 255 255 255 255 255 255 255 255 255 255 255 255 255 255 255 255 255 255 255 255 255 255 255 255 255 255 255 255 255 255 255 0 
255 255 255 255 255 255 255 255 255 255 255 255 255 255 255 255 255 255 255 255 255 255 192 27 0 16 202 255 255 255 255 255 255 255 255 255 255 255 255 255 255 255 255 255 255 255 255 255 255 255 255 255 255 255 255 255 255 255 255 255 255 255 255 255 255 255 255 255 255 255 255 255 255 255 255 255 255 255 255 0 
255 255 255 255 255 255 255 255 255 255 255 255 255 255 255 255 255 255 255 255 255 255 255 216 107 2 0 142 255 255 255 255 255 255 255 255 255 255 255 255 255 255 255 255 255 255 255 255 255 255 255 255 255 255 255 255 255 255 255 255 255 255 255 255 255 255 255 255 255 255 255 255 255 255 255 255 255 255 255 0 
255 255 255 255 255 255 255 255 255 255 255 255 255 255 255 255 255 255 255 255 255 255 255 255 255 178 6 0 81 246 255 255 255 255 255 255 255 255 255 255 255 255 255 255 255 255 255 255 255 255 255 255 255 255 255 255 255 255 255 255 255 255 255 255 255 255 255 255 255 255 255 255 255 255 255 255 255 255 255 0 
222 254 255 255 255 238 254 255 255 255 230 250 255 255 255 255 255 255 255 255 255 255 255 255 255 255 156 12 0 21 198 255 255 255 255 255 255 255 255 255 255 255 255 255 255 255 255 255 255 255 255 255 255 255 255 255 255 255 255 255 255 255 255 255 255 255 255 255 255 255 255 255 255 255 255 255 255 255 255 0 
166 218 255 255 255 188 184 255 255 255 248 254 255 255 255 255 255 255 255 255 255 255 255 255 255 255 254 200 107 4 0 117 255 255 255 255 255 255 255 255 255 255 255 255 255 255 255 255 255 255 255 255 255 255 255 255 255 255 255 255 255 255 255 255 255 255 255 255 255 255 255 255 255 255 255 255 255 255 255 0 
200 212 255 255 255 192 178 246 254 255 246 252 255 255 255 255 255 255 255 255 255 255 255 255 255 255 255 255 255 194 31 0 35 210 255 255 255 255 255 255 255 255 255 255 255 255 255 255 255 255 255 255 255 255 255 255 255 255 255 255 255 255 255 255 255 255 255 255 255 255 255 255 255 255 255 255 255 255 255 0 
252 255 255 255 255 164 168 214 255 255 226 240 250 255 255 255 255 255 255 255 255 255 255 255 255 255 255 255 255 255 236 71 0 0 125 255 255 255 255 255 255 255 255 255 255 255 255 255 255 255 255 255 255 255 255 255 255 255 255 255 255 255 255 255 255 255 255 255 255 255 255 255 255 255 255 255 255 255 255 0 
234 255 255 255 255 170 148 184 228 255 252 255 255 255 252 255 255 255 255 255 255 255 255 255 255 255 255 255 255 255 255 250 122 24 0 39 194 255 255 255 255 255 255 255 255 255 255 255 255 255 255 255 255 255 255 255 255 255 255 255 255 255 255 255 255 255 255 255 255 255 255 255 255 255 255 255 255 255 255 0 
190 198 224 254 255 196 172 158 166 255 255 255 255 255 244 255 255 255 255 254 255 255 255 255 255 255 255 255 255 255 255 255 252 208 105 14 2 129 246 255 255 255 255 255 255 255 255 255 255 255 255 255 255 255 255 255 255 255 255 255 255 255 255 255 255 255 255 255 255 255 255 255 255 255 255 255 255 255 255 0 
226 178 146 224 254 194 198 210 174 255 255 255 255 248 252 255 255 255 255 255 255 255 255 255 255 255 255 255 255 255 255 255 255 255 255 218 162 77 59 164 248 255 255 255 255 255 255 255 255 255 255 255 255 255 255 255 255 255 255 255 255 255 255 255 255 255 255 255 255 255 255 255 255 255 255 255 255 255 255 0 
226 206 190 222 230 184 224 246 210 214 248 248 255 255 255 255 255 255 255 255 255 255 255 255 255 255 255 255 255 255 255 255 255 255 255 255 255 248 156 43 49 148 242 255 255 255 255 255 255 255 255 255 255 255 255 255 255 255 255 255 255 255 255 255 255 255 255 255 255 255 255 255 255 255 255 255 255 255 255 0 
208 186 160 212 240 212 218 222 184 140 190 236 255 255 254 254 255 255 255 255 255 255 255 255 255 255 255 255 255 255 255 255 255 255 255 255 255 255 255 210 97 12 29 150 244 255 255 255 255 255 255 255 255 255 255 255 255 255 255 255 255 255 255 255 255 255 255 255 255 255 255 255 255 255 255 255 255 255 255 0 
210 230 210 228 252 254 246 224 174 178 220 236 248 255 244 240 255 255 255 255 255 255 255 255 255 255 255 255 255 255 255 255 255 255 255 255 255 255 255 255 255 212 132 47 29 127 232 255 255 255 255 255 255 255 255 255 255 255 255 255 255 255 255 255 255 255 255 255 255 255 255 255 255 255 255 255 255 255 255 0 
252 255 222 208 246 255 255 254 218 236 252 254 246 255 250 232 255 255 255 255 255 255 255 255 255 255 255 255 255 255 255 255 255 255 255 255 255 255 255 255 255 255 255 230 108 22 35 126 220 255 255 255 255 255 255 255 255 255 255 255 255 255 255 255 255 255 255 255 255 255 255 255 255 255 255 255 255 255 255 0 
255 252 174 182 240 255 255 255 255 255 255 255 250 254 254 252 255 255 255 255 255 255 255 255 255 255 255 255 255 255 255 255 255 255 255 255 255 255 255 255 255 255 255 255 242 170 148 126 114 158 222 252 255 255 255 255 255 255 255 255 255 255 255 255 255 255 255 255 255 255 255 255 255 255 255 255 255 255 255 0 
255 252 182 214 255 255 255 255 255 255 255 255 255 255 255 255 255 255 255 255 255 255 255 255 255 234 244 255 255 255 255 255 255 255 255 255 255 255 255 255 255 255 255 255 255 255 255 255 248 224 194 154 186 230 255 255 255 255 255 255 255 255 255 255 255 255 255 255 255 255 255 255 255 255 255 255 255 255 255 0 
255 255 248 255 255 255 255 255 255 255 255 255 255 255 255 255 255 255 255 255 255 255 255 255 242 166 182 252 255 255 255 255 255 255 255 255 255 255 255 255 255 255 255 255 255 255 255 255 255 255 255 240 208 198 184 184 212 250 255 255 255 255 255 255 255 255 255 255 255 255 255 255 255 255 255 255 255 255 255 0 
255 255 254 250 255 255 255 255 255 255 255 255 255 255 255 255 255 255 255 255 255 255 255 255 244 210 232 254 255 255 255 255 255 255 255 255 255 255 255 255 255 255 255 255 255 255 255 255 255 255 255 255 255 255 252 184 124 136 166 204 236 248 255 255 255 255 255 255 255 255 255 255 255 255 255 255 255 255 255 0 
255 255 220 210 255 255 255 255 255 255 255 255 255 255 255 255 255 255 255 255 255 255 255 255 255 255 255 255 255 255 255 255 255 255 255 255 255 255 255 255 255 255 255 255 255 255 255 255 255 255 255 255 255 255 255 255 246 222 184 124 108 98 124 170 236 255 255 255 250 255 255 255 255 255 255 255 255 255 255 0 
246 246 218 240 255 255 255 255 255 255 250 242 255 255 255 255 255 255 255 255 255 255 255 255 255 255 255 252 254 255 252 255 255 255 255 255 255 255 255 255 255 255 255 255 255 255 255 255 255 255 255 255 255 255 255 255 255 255 255 252 234 198 128 45 49 174 250 220 182 198 228 220 196 212 224 228 228 232 220 0 
218 214 222 255 255 252 246 252 254 254 255 254 255 255 255 255 255 255 255 255 255 254 252 255 255 255 255 242 250 255 252 255 255 255 255 255 255 255 255 255 255 255 255 255 255 255 255 255 255 255 255 255 255 255 255 255 255 255 255 255 255 255 255 200 170 200 255 255 254 255 255 250 220 218 210 210 200 212 200 0 
254 242 242 250 234 228 238 248 244 252 255 255 255 255 255 255 255 255 255 255 254 218 238 255 255 255 255 254 254 255 255 255 255 255 255 255 255 255 255 255 255 255 255 255 255 255 255 255 255 255 255 255 255 255 255 255 255 255 255 255 255 255 255 255 255 255 255 255 255 255 255 255 255 255 255 255 255 255 255 0 
255 255 255 254 204 212 252 250 244 236 254 255 254 252 254 255 255 255 255 255 255 206 228 255 255 255 255 255 255 255 255 255 255 255 250 254 255 255 255 255 255 255 255 255 255 255 255 255 255 255 255 255 255 248 255 255 255 255 255 255 255 255 255 255 255 255 255 255 255 255 255 255 255 255 255 255 255 255 255 0 
254 238 222 210 206 210 252 252 250 254 255 254 250 248 246 255 255 255 255 255 255 246 248 255 255 255 255 255 255 255 255 255 255 255 254 252 254 255 255 255 255 255 255 255 255 255 255 255 255 255 255 255 255 242 254 255 255 255 255 255 255 255 255 255 255 255 255 255 255 255 255 255 255 255 255 255 255 255 234 0 
254 216 182 162 206 224 250 252 255 255 255 255 242 250 254 255 255 255 250 254 255 255 250 250 252 255 255 255 255 255 255 255 255 255 255 248 255 255 255 255 255 255 255 255 255 255 255 255 255 255 255 255 255 254 254 255 255 255 255 255 255 255 255 255 255 255 255 246 254 255 255 255 255 255 255 255 250 220 174 0 
234 224 238 228 240 255 254 236 244 246 255 255 255 255 255 255 254 248 252 252 255 254 234 242 230 250 255 255 255 255 255 255 255 255 255 255 255 255 255 255 255 255 255 255 254 254 255 255 255 255 255 255 255 255 255 255 255 255 255 255 255 255 255 255 255 255 250 242 246 254 254 252 248 254 254 254 242 218 224 0 
210 216 252 255 255 254 236 236 230 224 255 255 255 246 254 250 220 230 234 252 255 252 224 240 246 254 255 255 254 244 228 236 242 255 255 255 255 255 255 255 255 255 255 255 242 252 255 255 255 255 255 255 255 255 255 254 255 255 255 255 255 252 246 255 255 255 255 254 254 246 232 242 242 240 254 255 255 250 254 0 
210 212 220 224 254 244 236 238 228 250 255 255 252 228 248 246 228 246 246 255 255 252 252 252 255 255 255 255 252 210 184 200 230 254 255 255 255 242 222 228 255 255 255 255 252 254 255 255 255 255 255 255 255 255 255 252 255 255 255 255 255 254 252 255 255 254 255 255 254 246 238 248 255 255 255 255 255 255 255 0 
198 214 194 198 236 242 236 240 232 246 248 250 252 240 254 255 252 255 254 248 244 254 255 255 255 255 255 255 254 236 210 212 236 240 250 248 244 222 210 218 255 255 255 255 255 255 255 255 255 255 255 255 255 255 255 255 255 255 255 255 255 255 255 254 250 236 240 244 254 252 248 254 255 254 250 252 254 255 254 0 
200 218 214 196 224 252 232 220 210 230 240 238 248 254 255 255 255 254 254 252 250 250 254 255 255 255 255 252 246 244 240 228 254 252 244 230 246 248 248 252 255 255 255 255 255 254 244 248 255 255 255 255 255 255 255 255 255 255 255 255 255 254 254 240 250 240 218 230 244 240 248 250 254 252 250 255 255 255 248 0 
226 210 228 192 198 232 232 226 206 222 230 242 238 246 254 254 248 248 255 255 255 255 252 252 255 255 255 250 232 234 230 240 228 242 246 254 255 255 255 255 255 255 254 255 255 232 206 236 255 255 255 255 255 254 255 255 255 255 254 255 254 250 254 255 254 252 224 202 212 218 234 252 255 255 255 255 255 255 232 0 
190 186 212 224 222 224 226 232 232 236 236 220 208 194 228 246 228 212 244 252 252 248 226 232 238 252 252 255 248 232 226 220 238 242 232 248 255 255 254 248 255 255 254 254 255 228 210 248 255 255 255 255 255 254 255 255 254 238 240 250 248 255 255 255 255 246 206 194 196 208 224 248 244 244 246 244 220 206 196 0 
162 146 180 200 218 234 238 214 206 214 200 176 164 182 198 238 238 222 226 224 210 212 214 222 230 236 238 250 254 252 252 220 216 224 236 250 252 254 242 234 254 254 252 240 236 218 218 244 252 246 248 254 254 254 246 248 228 216 224 212 234 255 255 254 238 214 178 170 190 204 210 216 220 210 214 180 148 108 116 0 
140 150 174 192 206 242 238 220 208 206 222 214 190 190 198 240 252 234 224 230 206 208 224 228 232 218 206 214 230 232 228 200 188 216 224 226 246 238 214 212 234 248 240 202 182 198 190 208 204 210 204 216 216 224 214 198 194 186 176 174 218 246 242 224 212 204 184 164 172 190 194 204 198 178 190 166 110 80 80 0 
140 150 194 188 196 222 226 210 210 200 226 228 208 190 202 242 250 236 220 206 190 200 208 226 230 208 200 198 202 198 194 190 194 188 194 218 220 202 186 178 204 212 214 176 158 174 170 168 160 164 170 156 158 170 174 180 184 170 156 150 190 208 206 182 184 184 158 164 144 148 148 142 154 168 152 130 90 73 54 0 
184 184 178 172 184 188 202 208 230 220 216 228 200 200 204 222 240 246 236 198 174 174 188 208 208 208 196 196 200 194 172 180 188 176 182 200 198 188 182 172 162 172 182 192 178 168 164 166 144 144 154 132 112 132 144 142 150 144 114 116 144 154 156 154 138 140 130 122 105 83 79 50 48 56 46 36 10 4 2 0 
