255 255 255 255 255 255 255 255 255 255 255 255 255 255 255 255 255 255 255 255 255 255 255 255 255 255 255 255 255 255 255 255 255 255 255 255 255 255 255 255 255 255 255 255 255 255 255 255 255 255 255 255 255 255 255 255 255 255 255 255 255 255 255 255 255 255 255 255 255 255 255 255 255 255 255 255 255 255 255 0 
255 255 255 255 255 255 255 255 255 255 255 255 255 255 255 255 255 255 255 255 255 255 255 255 255 255 255 255 255 255 255 255 255 255 255 255 255 255 255 255 255 255 255 255 255 255 255 255 255 255 255 255 255 255 255 255 255 255 255 255 255 255 255 255 255 255 255 255 255 255 255 255 255 255 255 255 255 255 255 0 
255 255 255 255 255 255 255 255 255 255 255 255 255 255 255 255 255 255 255 255 255 255 255 255 255 255 255 255 255 255 255 255 255 255 255 255 255 255 255 255 255 255 255 255 255 255 255 255 255 255 255 255 255 255 255 255 255 255 255 255 255 255 255 255 255 255 255 255 255 255 255 255 255 255 255 255 255 255 255 0 
255 255 255 255 255 255 255 255 255 255 255 255 255 255 255 255 255 255 255 255 255 255 255 255 255 255 255 255 255 255 255 255 255 255 255 255 255 255 255 255 255 255 255 255 255 255 255 255 255 255 255 255 255 255 255 255 255 255 255 255 255 255 255 255 255 255 255 255 255 255 255 255 255 255 255 255 255 255 255 0 
255 255 255 255 255 255 255 255 255 255 255 255 255 255 255 255 255 255 255 255 255 255 255 255 255 255 255 255 255 255 255 255 255 255 255 255 255 255 255 255 255 255 255 255 255 255 255 255 255 255 255 255 255 255 255 255 255 255 255 255 255 255 255 255 255 255 255 255 255 255 255 255 255 255 255 255 255 255 255 0 
255 255 255 255 255 255 255 255 255 255 255 255 255 255 255 255 255 255 255 255 255 255 255 255 255 255 255 255 255 255 255 255 255 255 255 255 255 255 255 255 255 255 255 255 255 255 255 255 255 255 255 255 255 255 255 255 255 255 255 255 255 255 255 255 255 255 255 255 255 255 255 255 255 255 255 255 255 255 255 0 
255 255 255 255 255 255 255 255 255 255 255 255 255 255 255 255 255 255 255 255 255 255 255 255 255 255 255 255 255 255 255 255 255 255 255 255 255 255 255 255 255 255 255 255 255 255 255 255 255 255 255 255 255 255 255 255 255 255 255 255 255 255 255 255 255 255 255 255 255 255 255 255 255 255 255 255 255 255 255 0 
255 255 255 255 255 255 255 255 255 255 255 255 255 255 255 255 255 255 255 255 255 255 255 255 255 255 255 255 255 255 255 255 255 255 255 255 255 255 255 255 255 255 255 255 255 255 255 255 255 255 255 255 255 255 255 255 255 255 255 255 255 255 255 255 255 255 255 255 255 255 255 255 255 255 255 255 255 255 255 0 
165 255 255 255 255 255 255 255 255 255 255 255 255 255 255 255 255 255 255 255 255 255 255 255 255 255 255 255 255 255 255 255 255 255 255 255 255 255 255 255 255 255 255 255 255 255 255 255 255 255 255 255 255 255 255 255 255 255 255 255 255 255 255 255 255 255 255 255 255 255 255 255 255 255 255 255 255 255 255 0 
0 254 255 255 255 255 255 255 255 255 255 233 210 200 194 198 216 241 255 255 255 255 255 255 255 255 255 255 255 255 255 255 255 255 255 255 255 255 255 255 255 255 255 255 255 255 255 255 255 255 255 255 255 255 255 255 255 255 255 255 255 255 255 255 255 255 255 255 255 255 255 255 255 255 255 255 255 255 255 0 
0 61 255 255 255 255 255 255 255 255 208 104 89 79 77 79 104 146 220 255 255 255 255 255 255 255 255 255 255 255 255 255 255 255 255 255 255 255 255 255 255 255 255 255 255 255 255 255 255 255 255 255 255 255 255 255 255 255 255 255 255 255 255 255 255 255 255 255 255 255 255 255 255 255 255 255 255 255 255 0 
0 0 195 255 255 255 255 255 255 217 48 11 1 3 3 3 19 67 160 255 255 255 255 255 255 255 255 255 255 255 255 255 255 255 255 255 255 255 255 255 255 255 255 255 255 255 255 255 255 255 255 255 255 255 255 255 255 255 255 255 255 255 255 255 255 255 255 255 255 255 255 255 255 255 255 255 255 255 255 0 
0 0 7 255 255 255 255 255 255 73 0 0 0 0 0 0 0 0 84 251 255 255 255 255 255 255 255 255 255 255 255 255 255 255 255 255 255 255 255 255 255 255 255 255 255 255 255 255 255 255 255 255 255 255 255 255 255 255 255 255 255 255 255 255 255 255 255 255 255 255 255 255 255 255 255 255 255 255 255 0 
0 0 0 113 255 255 255 255 255 146 0 0 0 0 0 0 0 0 15 214 255 255 255 255 255 255 255 255 255 255 255 255 255 255 255 255 255 255 255 255 255 255 255 255 255 255 255 255 255 255 255 255 255 255 255 255 255 255 255 255 255 255 255 255 255 255 255 255 255 255 255 255 255 255 255 255 255 255 255 0 
11 0 0 0 235 255 255 255 255 255 3 0 0 0 0 0 0 0 0 134 255 255 255 255 255 255 255 255 255 255 255 255 255 255 255 255 255 255 255 255 255 255 255 255 255 255 255 255 255 255 255 255 255 255 255 255 255 255 255 255 255 255 255 255 255 255 255 255 255 255 255 255 255 255 255 255 255 255 255 0 
140 0 0 0 34 255 255 255 255 255 165 0 0 0 0 0 0 0 0 40 216 255 255 255 255 255 255 255 255 255 255 255 255 255 255 255 255 255 255 255 255 255 255 255 255 255 255 255 255 255 255 255 255 255 255 255 255 255 255 255 255 255 255 255 255 255 255 255 255 255 255 255 255 255 255 255 255 255 255 0 
220 42 0 0 0 163 255 255 255 255 255 3 0 0 0 0 0 0 0 0 148 255 255 255 255 255 255 255 255 255 255 255 255 255 255 255 255 255 255 255 255 255 255 255 255 255 255 255 255 255 255 255 255 255 255 255 255 255 255 255 255 255 255 255 255 255 255 255 255 255 255 255 255 255 255 255 255 255 255 0 
202 116 0 0 0 0 248 255 255 255 255 168 0 0 0 0 0 0 0 0 90 244 255 255 255 255 255 255 255 255 255 255 255 255 255 255 255 255 255 255 255 255 255 255 255 255 255 255 255 255 255 255 255 255 255 255 255 255 255 255 255 255 255 255 255 255 255 255 255 255 255 255 255 255 255 255 255 255 255 0 
210 174 94 0 0 0 56 255 255 255 255 255 7 0 0 0 0 0 0 0 13 190 255 255 255 255 255 255 255 255 255 255 255 255 255 255 255 255 255 255 255 255 255 255 255 255 255 255 255 255 255 255 255 255 255 255 255 255 255 255 255 255 255 255 255 255 255 255 255 255 255 255 255 255 255 255 255 255 255 0 
232 212 202 104 0 0 0 186 255 255 255 255 166 0 0 0 0 0 0 0 0 116 245 255 255 255 255 255 255 255 255 255 255 255 255 255 255 255 255 255 255 255 255 255 255 255 255 255 255 255 255 255 255 255 255 255 255 255 255 255 255 255 255 255 255 255 255 255 255 255 255 255 255 255 255 255 255 255 250 0 
244 224 242 222 44 0 0 3 252 255 255 255 255 3 0 0 0 0 0 0 0 34 202 255 255 255 255 255 255 255 255 255 255 255 255 255 255 255 255 255 255 255 255 255 255 255 255 255 255 255 255 255 255 255 255 255 255 255 255 255 255 255 255 255 255 255 255 255 255 255 255 255 255 255 255 255 255 255 54 0 
230 168 194 236 162 1 0 0 75 255 255 255 255 164 0 0 0 0 0 0 0 0 148 255 255 255 255 255 255 255 255 255 255 255 255 255 255 255 255 255 255 255 255 255 255 255 255 255 255 255 255 255 255 255 255 255 255 255 255 255 255 255 255 255 255 255 255 255 255 255 255 255 255 255 255 255 255 186 0 0 
152 144 162 170 174 94 0 0 0 207 255 255 255 255 13 0 0 0 0 0 0 0 96 255 255 255 255 255 255 255 255 255 255 255 255 255 255 255 255 255 255 255 255 255 255 255 255 255 255 255 255 255 255 255 255 255 255 255 255 255 255 255 255 255 255 255 255 255 255 255 255 255 255 255 255 255 255 0 0 0 
84 106 142 132 118 146 26 0 0 9 255 255 255 255 196 0 0 0 0 0 0 0 17 255 255 255 255 255 255 255 255 255 255 255 255 255 255 255 255 255 255 255 255 255 255 255 255 255 255 255 255 255 255 255 255 255 255 255 255 255 255 255 255 255 255 255 255 255 255 255 255 255 255 255 255 255 70 0 0 0 
54 67 90 86 73 110 84 0 0 0 103 255 255 255 255 40 0 0 0 0 0 0 0 253 255 255 255 255 255 255 255 255 255 255 255 255 255 255 255 255 255 255 255 255 255 255 255 255 255 255 255 255 255 255 255 255 255 255 255 255 255 255 255 255 255 255 255 255 255 255 255 255 255 255 255 217 0 0 0 0 
38 40 50 60 77 79 82 36 0 0 0 227 255 255 255 242 56 3 0 0 0 0 42 255 255 255 255 255 255 255 255 255 255 255 255 255 255 255 255 255 255 255 255 255 255 255 255 255 255 255 255 255 255 255 255 255 255 255 255 255 255 255 255 255 255 255 255 255 255 255 255 255 255 255 255 15 0 0 9 0 
24 71 81 85 136 172 138 116 1 0 0 26 255 255 255 255 255 221 195 193 205 219 252 255 255 255 255 255 255 255 255 255 255 255 255 255 255 255 255 255 255 255 255 255 255 255 255 255 255 255 255 255 255 255 255 255 255 255 255 255 255 255 255 255 255 255 255 255 255 255 255 255 255 255 133 0 0 46 184 0 
75 138 140 124 162 184 162 108 42 0 0 0 163 255 255 255 255 255 255 255 255 255 255 255 255 255 255 255 255 255 255 255 255 255 255 255 255 255 255 255 255 255 255 255 255 255 255 255 255 255 255 255 255 255 255 255 255 255 255 255 255 255 255 255 255 255 255 255 255 255 255 255 255 248 0 0 19 220 255 0 
108 160 136 108 108 144 102 84 82 27 0 0 0 255 255 255 255 255 255 255 255 255 255 255 255 255 255 255 255 255 255 255 255 255 255 255 255 255 255 255 255 255 255 255 255 255 255 255 255 255 255 255 255 255 255 255 255 255 255 255 255 255 255 255 255 255 255 255 255 255 255 255 255 54 0 0 122 255 255 0 
130 182 164 124 98 79 63 92 94 100 9 0 0 105 255 255 255 255 255 255 255 255 255 255 255 255 255 255 255 255 255 255 255 255 255 255 255 255 255 255 255 255 255 255 255 255 255 255 255 255 255 255 255 255 255 255 255 255 255 255 255 255 255 255 255 255 255 255 255 255 255 255 197 0 0 0 136 186 196 0 
160 202 204 140 122 100 88 130 116 132 90 0 0 0 246 255 255 255 255 255 255 255 255 255 255 255 255 255 255 255 255 255 255 255 255 255 255 255 255 255 255 255 255 255 255 255 255 255 255 255 255 255 255 255 255 255 255 255 255 255 255 255 255 255 255 255 255 255 255 255 255 255 7 0 0 59 134 130 170 0 
198 238 222 126 67 53 90 152 148 138 180 79 0 0 58 255 255 255 255 255 255 255 255 255 255 255 255 255 255 255 255 255 255 255 255 255 255 255 255 255 255 255 255 255 255 255 255 255 255 255 255 255 255 255 255 255 255 255 255 255 255 255 255 255 255 255 255 255 255 255 255 128 0 0 51 184 222 233 239 0 
158 214 194 116 40 6 88 158 188 192 247 196 34 0 0 229 255 255 255 255 255 255 255 255 255 255 255 255 255 255 255 255 255 255 255 255 255 255 255 255 255 255 255 255 255 255 255 255 255 255 255 255 255 255 255 255 255 255 255 255 255 255 255 255 255 255 255 255 255 255 239 0 0 27 182 246 255 255 255 0 
126 120 118 100 26 10 96 184 228 230 238 218 152 5 0 30 255 255 255 255 255 255 255 255 255 255 255 255 255 255 255 255 255 255 255 255 255 255 255 255 255 255 255 255 255 255 255 255 255 255 255 255 255 255 255 255 255 255 255 255 255 255 255 255 255 255 255 255 255 255 36 0 0 158 252 255 255 255 255 0 
67 140 164 104 46 71 132 136 152 202 192 162 186 84 0 0 190 255 255 255 255 255 255 255 255 255 255 255 255 255 255 255 255 255 255 255 255 255 255 255 255 255 255 255 255 255 255 255 255 255 255 255 255 255 255 255 255 255 255 255 255 255 255 255 255 255 255 255 255 178 0 0 59 243 253 255 255 255 226 0 
68 176 240 154 52 94 130 106 120 176 178 186 186 140 1 0 7 255 255 255 255 255 255 255 255 255 255 255 255 255 255 255 255 255 255 255 255 255 255 255 255 255 255 255 255 255 255 255 255 255 255 255 255 255 255 255 255 255 255 255 255 255 255 255 255 255 255 255 255 5 0 13 152 244 255 246 255 255 246 0 
73 182 248 180 100 132 176 142 104 160 186 182 184 168 71 0 0 136 255 255 255 255 255 255 255 255 255 255 255 255 255 255 255 255 255 255 255 255 255 255 255 255 255 255 255 255 255 255 255 255 255 255 255 255 255 255 255 255 255 255 255 255 255 255 255 255 255 255 105 0 23 162 224 252 255 238 250 255 254 0 
50 116 188 186 168 138 130 118 94 102 128 116 142 154 166 93 0 0 244 255 255 255 255 255 255 255 255 255 255 255 255 255 255 255 255 255 255 255 255 255 255 255 255 255 255 255 255 255 255 255 255 255 255 255 255 255 255 255 255 255 255 255 255 255 255 255 255 223 0 0 172 255 255 255 255 255 255 255 247 0 
48 24 55 94 85 55 71 118 120 98 84 75 118 188 214 206 44 0 40 255 255 255 255 255 255 255 255 255 255 255 255 255 255 255 255 255 255 255 255 255 255 255 255 255 255 255 255 255 255 255 255 255 255 255 255 255 255 255 255 255 255 255 255 255 255 255 255 28 0 104 255 255 255 255 255 255 255 255 240 0 
73 44 44 54 30 16 58 138 142 94 46 34 110 212 212 214 150 0 0 149 255 255 255 255 255 255 255 255 255 255 255 255 255 255 255 255 255 255 255 255 255 255 255 255 255 255 255 255 255 255 255 255 255 255 255 255 255 255 255 255 255 255 255 255 255 255 182 0 36 222 255 250 252 255 252 250 255 255 254 0 
92 56 36 52 87 116 134 154 144 114 46 34 132 220 204 196 164 43 0 0 242 255 255 255 255 255 255 255 255 255 255 255 255 255 255 255 255 255 255 255 255 255 255 255 255 255 255 255 255 255 255 255 255 255 255 255 255 255 255 255 255 255 255 255 255 255 3 0 186 255 254 224 255 255 255 253 253 253 236 0 
98 69 24 65 124 142 164 158 128 114 96 92 146 176 176 202 188 142 51 0 44 255 255 255 255 255 255 255 255 255 255 255 255 255 255 255 255 255 255 255 255 255 255 255 255 255 255 255 255 255 255 255 255 255 255 255 255 255 255 255 255 255 255 255 255 101 0 85 251 254 240 251 255 255 253 255 255 242 234 0 
77 100 73 69 90 94 116 132 108 82 118 134 142 160 166 200 210 192 174 59 0 169 255 255 255 255 255 255 255 255 255 255 255 255 255 255 255 255 255 255 255 255 255 255 255 255 255 255 255 255 255 255 255 255 255 255 255 255 255 255 255 255 255 255 227 0 59 233 255 254 244 255 255 255 255 255 255 244 238 0 
24 82 106 102 120 114 98 102 79 52 116 154 162 166 158 190 238 244 242 212 30 3 250 255 255 255 255 255 255 255 255 255 255 255 255 255 255 255 255 255 255 255 255 255 255 255 255 255 255 255 255 255 255 255 255 255 255 255 255 255 255 255 255 255 53 23 226 255 255 255 255 255 255 255 255 255 255 245 240 0 
9 56 77 71 92 85 80 88 76 67 132 178 196 204 182 206 254 255 232 250 150 0 69 255 255 255 255 255 255 255 255 255 255 255 255 255 255 255 255 255 255 255 255 255 255 255 255 255 255 255 255 255 255 255 255 255 255 255 255 255 255 255 255 160 0 122 255 255 255 255 255 255 255 255 255 254 252 255 255 0 
24 36 57 50 28 44 65 73 67 80 140 176 208 218 190 210 247 238 202 224 220 87 0 237 255 255 255 255 255 255 255 255 255 255 255 255 255 255 255 255 255 255 255 255 255 255 255 255 255 255 255 255 255 255 255 255 255 255 255 255 255 255 250 3 19 208 255 255 255 255 255 255 255 255 255 255 255 255 255 0 
14 1 28 52 22 30 63 75 62 106 176 174 164 188 182 192 198 196 186 206 222 166 1 65 255 255 255 255 255 255 255 255 255 255 255 255 255 255 255 255 255 255 255 255 255 255 255 255 255 255 255 255 255 255 255 255 255 255 255 255 255 255 81 0 114 246 255 255 255 255 255 255 255 255 255 255 255 255 255 0 
26 12 28 77 67 60 75 42 58 116 162 164 150 134 146 164 158 190 194 198 202 186 48 0 192 255 255 255 255 255 255 255 255 255 255 255 255 255 255 255 255 255 255 255 255 255 255 255 255 255 255 255 255 255 255 255 255 255 255 255 255 219 0 46 210 255 255 255 255 255 255 255 255 255 255 255 255 255 255 0 
1 5 32 94 86 60 62 48 54 96 128 138 174 168 146 154 186 202 222 232 218 182 112 13 17 250 255 255 255 255 255 255 255 255 255 255 255 255 255 255 255 255 255 255 255 255 255 255 255 255 255 255 255 255 255 255 255 255 255 255 248 47 50 214 255 255 255 255 255 255 255 249 255 255 255 255 255 255 253 0 
0 0 16 77 84 56 54 65 52 65 84 124 188 192 160 178 200 220 238 250 234 212 192 118 13 114 255 255 255 255 255 255 255 255 255 255 255 255 255 255 255 255 255 255 255 255 255 255 255 255 255 255 255 255 255 255 255 255 255 255 77 26 210 255 255 255 255 255 255 249 228 230 251 251 255 255 255 255 228 0 
0 38 63 67 71 61 62 84 65 52 112 166 174 172 154 170 198 240 251 253 238 238 236 230 126 20 208 255 255 255 255 255 255 255 255 255 255 255 255 255 255 255 255 255 255 255 255 255 255 255 255 255 255 255 255 255 255 255 255 192 3 126 255 255 255 255 255 255 255 242 216 234 244 230 248 255 255 255 228 0 
0 67 94 80 71 86 104 112 106 102 152 210 206 208 206 210 206 238 255 255 238 250 255 255 220 73 47 252 255 255 255 255 255 255 255 255 255 255 255 255 255 255 255 255 255 255 255 255 255 255 255 255 255 255 255 255 255 255 250 37 77 235 255 255 255 255 255 255 255 240 253 252 253 232 242 255 255 255 249 0 
0 73 90 71 58 88 142 158 152 154 170 196 202 212 236 226 206 230 251 245 236 242 242 240 240 172 46 126 255 255 255 255 255 255 255 255 255 255 255 255 255 255 255 255 255 255 255 255 255 255 255 255 255 255 255 255 255 255 112 32 196 255 255 255 255 255 250 248 244 250 251 246 226 206 210 222 239 234 192 0 
38 106 112 79 90 124 168 178 166 152 186 182 174 200 204 222 218 206 222 232 228 240 232 228 240 226 142 38 217 255 255 255 255 255 255 255 255 255 255 255 255 255 255 255 255 255 255 255 255 255 255 255 255 255 255 255 255 231 60 154 251 255 255 255 255 255 255 254 255 246 210 196 160 152 134 166 232 250 250 0 
112 148 148 122 130 150 160 152 154 158 188 204 190 194 192 232 238 216 218 220 210 230 244 246 248 246 216 87 83 255 255 255 255 255 255 255 255 255 255 255 255 255 255 255 255 255 255 255 255 255 255 255 255 255 255 255 255 112 138 243 255 255 255 255 255 255 255 255 255 249 206 146 77 38 108 245 255 255 255 0 
112 128 132 116 144 160 148 144 148 152 178 220 226 222 192 214 236 226 198 208 208 240 255 255 255 255 252 192 100 200 255 255 255 255 255 255 255 255 255 255 255 255 255 255 255 255 255 255 255 255 255 255 255 255 255 255 180 98 226 255 255 255 255 255 250 226 226 253 255 255 222 130 48 57 241 255 255 255 255 0 
80 90 82 106 120 146 152 162 172 156 168 188 220 224 210 206 232 232 208 222 230 250 255 255 255 255 255 248 186 126 245 255 255 255 255 255 255 255 255 255 255 255 255 255 255 255 255 255 255 255 255 255 255 255 255 245 90 184 255 255 255 255 255 253 250 226 220 246 255 255 248 168 124 218 255 255 255 255 255 0 
66 82 94 104 114 128 116 160 166 158 176 190 192 210 220 226 238 238 248 248 250 255 255 255 255 255 255 255 252 176 154 255 255 255 255 255 255 255 255 255 255 255 255 255 255 255 255 255 255 255 255 255 255 255 255 156 158 249 255 255 255 255 255 255 255 255 251 254 255 254 246 234 212 244 255 255 255 255 255 0 
67 84 116 116 128 118 128 136 148 142 176 188 182 190 210 240 242 248 253 248 255 255 255 255 255 255 255 255 255 252 144 220 255 255 255 255 255 255 255 255 255 255 255 255 255 255 255 255 255 255 255 255 255 255 216 150 242 255 255 255 255 255 255 255 255 255 255 255 248 234 228 232 210 202 206 226 248 255 255 0 
93 99 115 117 121 139 161 157 163 151 165 175 189 189 203 237 239 239 242 251 255 255 255 255 252 252 255 255 255 255 211 143 255 255 255 255 255 255 255 255 255 255 255 255 255 255 255 255 255 255 255 255 255 254 145 207 249 254 255 254 255 255 254 254 249 254 254 250 246 233 225 227 193 195 197 199 189 193 213 0 
