0 0 0 0 131 155 233 255 255 255 255 255 255 255 255 255 255 255 255 255 255 255 255 255 255 255 255 255 255 255 255 255 255 255 255 255 255 255 255 255 255 255 255 255 255 255 255 255 255 255 255 255 255 255 255 255 255 255 255 255 255 255 255 255 255 255 255 255 255 255 255 255 255 255 255 255 255 255 255 0 
0 0 0 0 46 105 165 255 255 255 255 255 255 255 255 255 255 255 255 255 255 255 255 255 255 255 255 255 255 255 255 255 255 255 255 255 255 255 255 255 255 255 255 255 255 255 255 255 255 255 255 255 255 255 255 255 255 255 255 255 255 255 255 255 255 255 255 255 255 255 255 255 255 255 255 255 255 255 255 0 
0 0 0 0 0 109 123 242 255 255 255 255 255 255 255 255 255 255 255 255 255 255 255 255 255 255 255 255 255 255 255 255 255 255 255 255 255 255 255 255 255 255 255 255 255 255 255 255 255 255 255 255 255 255 255 255 255 255 255 255 255 255 255 255 255 255 255 255 255 255 255 255 255 255 255 255 255 255 255 0 
0 0 0 0 0 55 113 187 255 255 255 255 255 255 255 255 255 255 255 255 255 255 255 255 255 255 255 255 255 255 255 255 255 255 255 255 255 255 255 255 255 255 255 255 255 255 255 255 255 255 255 255 255 255 255 255 255 255 255 255 255 255 255 255 255 255 255 255 255 255 255 255 255 255 255 255 255 255 255 0 
0 0 0 0 0 8 103 157 249 255 255 255 255 255 255 255 255 255 255 255 255 255 255 255 255 255 255 255 255 255 255 255 255 255 255 255 255 255 255 255 255 255 255 255 255 255 255 255 255 255 255 255 255 255 255 255 255 255 255 255 255 255 255 255 255 255 255 255 255 255 255 255 255 255 255 255 255 255 211 0 
0 0 0 0 0 0 81 137 193 255 255 255 255 255 255 255 255 255 255 255 255 255 255 255 255 255 255 255 255 255 255 255 255 255 255 255 255 255 255 255 255 255 255 255 255 255 255 255 255 255 255 255 255 255 255 255 255 255 255 255 255 255 255 255 255 255 255 255 255 255 255 255 255 255 255 255 255 255 20 0 
0 0 0 0 0 0 14 121 139 255 255 255 255 255 255 255 255 255 255 255 255 255 255 255 255 255 255 255 255 255 255 255 255 255 255 255 255 255 255 255 255 255 255 255 255 255 255 255 255 255 255 255 255 255 255 255 255 255 255 255 255 255 255 255 255 255 255 255 255 255 255 255 255 255 255 255 255 180 0 0 
0 0 0 0 0 0 0 97 115 215 255 255 255 255 255 255 255 255 255 255 255 255 255 255 255 255 255 255 255 255 255 255 255 255 255 255 255 255 255 255 255 255 255 255 255 255 255 255 255 255 255 255 255 255 255 255 255 255 255 255 255 255 255 255 255 255 255 255 255 255 255 255 255 255 255 255 255 0 0 0 
0 0 0 0 0 0 0 35 125 171 255 255 255 255 255 255 255 255 255 255 255 255 255 255 255 255 255 255 255 255 255 255 255 255 255 255 255 255 255 255 255 255 255 255 255 255 255 255 255 255 255 255 255 255 255 255 255 255 255 255 255 255 255 255 255 255 255 255 255 255 255 255 255 255 255 255 104 0 0 0 
0 0 0 0 0 0 0 0 109 165 254 255 255 255 255 255 255 255 255 255 255 255 255 255 255 255 255 255 255 255 255 255 255 255 255 255 255 255 255 255 255 255 255 255 255 255 255 255 255 255 255 255 255 255 255 255 255 255 255 255 255 255 255 255 255 255 255 255 255 255 255 255 255 255 255 255 0 0 0 0 
0 0 0 0 0 0 0 0 66 175 231 255 255 255 255 255 255 255 255 255 255 255 255 255 255 255 255 255 255 255 255 255 255 255 255 255 255 255 255 255 255 255 255 255 255 255 255 255 255 255 255 255 255 255 255 255 255 255 255 255 255 255 255 255 255 255 255 255 255 255 255 255 255 255 255 78 0 0 0 0 
0 0 0 0 0 0 0 0 3 149 237 255 255 255 255 255 255 255 255 255 255 255 255 255 255 255 255 255 255 255 255 255 255 255 255 255 255 255 255 255 255 255 255 255 255 255 255 255 255 255 255 255 255 255 255 255 255 255 255 255 255 255 255 255 255 255 255 255 255 255 255 255 255 255 244 0 0 0 58 0 
0 0 0 0 0 0 0 0 0 87 239 255 255 255 255 255 255 255 255 255 255 255 255 255 255 255 255 255 255 255 255 255 255 255 255 255 255 255 255 255 255 255 255 255 255 255 255 255 255 255 255 255 255 255 255 255 255 255 255 255 255 255 255 255 255 255 255 255 255 255 255 255 255 255 57 0 0 0 215 0 
0 0 0 0 0 0 0 0 0 10 197 255 255 255 255 255 255 255 255 255 255 255 255 255 255 255 255 255 255 255 255 255 255 255 255 255 255 255 255 255 255 255 255 255 255 255 255 255 255 255 255 255 255 255 255 255 255 255 255 255 255 255 255 255 255 255 255 255 255 255 255 255 255 229 0 0 0 97 255 0 
160 0 0 0 0 0 0 0 0 0 101 255 255 255 255 255 255 255 255 255 255 255 255 255 255 255 255 255 255 255 255 255 255 255 255 255 255 255 255 255 255 255 255 255 255 255 255 255 255 255 255 255 255 255 255 255 255 255 255 255 255 255 255 255 255 255 255 255 255 255 255 255 255 26 0 0 0 230 255 0 
255 128 0 0 0 0 0 0 0 0 82 255 255 255 255 255 255 255 255 255 255 255 255 255 255 255 255 255 255 255 255 255 255 255 255 255 255 255 255 255 255 255 255 255 255 255 255 255 255 255 255 255 255 255 255 255 255 255 255 255 255 255 255 255 255 255 255 255 255 255 255 255 178 0 0 0 74 255 255 0 
255 255 205 133 111 98 98 100 123 164 244 255 255 255 255 255 255 255 255 255 255 255 255 255 255 255 255 255 255 255 255 255 255 255 255 255 255 255 255 255 255 255 255 255 255 255 255 255 255 255 255 255 255 255 255 255 255 255 255 255 255 255 255 255 255 255 255 255 255 255 255 255 0 0 0 0 147 255 255 0 
255 255 255 255 255 255 255 255 255 255 255 255 255 255 255 255 255 255 255 255 255 255 255 255 255 255 255 255 255 255 255 255 255 255 255 255 255 255 255 255 255 255 255 255 255 255 255 255 255 255 255 255 255 255 255 255 255 255 255 255 255 255 255 255 255 255 255 255 255 255 255 129 0 0 0 4 207 255 255 0 
255 255 255 255 255 255 255 255 255 255 255 255 255 255 255 255 255 255 255 255 255 255 255 255 255 255 255 255 255 255 255 255 255 255 255 255 255 255 255 255 255 255 255 255 255 255 255 255 255 255 255 255 255 255 255 255 255 255 255 255 255 255 255 255 255 255 255 255 255 255 254 0 0 0 0 78 233 255 255 0 
255 255 255 255 255 255 255 255 255 255 255 255 255 255 255 255 255 255 255 255 255 255 255 255 255 255 255 255 255 255 255 255 255 255 255 255 255 255 255 255 255 255 255 255 255 255 255 255 255 255 255 255 255 255 255 255 255 255 255 255 255 255 255 255 255 255 255 255 255 255 64 0 0 0 68 161 254 255 255 0 
252 255 255 255 255 255 255 255 255 255 255 255 255 255 255 255 255 255 255 255 255 255 255 255 255 255 255 255 255 255 255 255 255 255 255 255 255 255 255 255 255 255 255 255 255 255 255 255 255 255 255 255 255 255 255 255 255 255 255 255 255 255 255 255 255 255 255 255 255 242 0 0 0 80 206 203 255 255 255 0 
68 255 255 255 255 255 255 255 255 255 255 255 255 255 255 255 255 255 255 255 255 255 255 255 255 255 255 255 255 255 255 255 255 255 255 255 255 255 255 255 255 255 255 255 255 255 255 255 255 255 255 255 255 255 255 255 255 255 255 255 255 255 255 255 255 255 255 255 255 50 0 0 105 252 255 255 253 255 255 0 
0 209 255 255 255 255 255 255 255 255 255 255 255 255 255 255 255 255 255 255 255 255 255 255 255 255 255 255 255 255 255 255 255 255 255 255 255 255 255 255 255 255 255 255 255 255 255 255 255 255 255 255 255 255 255 255 255 255 255 255 255 255 255 255 255 255 255 255 221 0 0 5 247 255 255 255 255 255 255 0 
0 13 255 255 255 255 255 255 255 255 255 255 255 255 255 255 255 255 255 255 255 255 255 255 255 255 255 255 255 255 255 255 255 255 255 255 255 255 255 255 255 255 255 255 255 255 255 255 255 255 255 255 255 255 255 255 255 255 255 255 255 255 255 255 255 255 255 255 26 0 0 80 255 255 255 255 255 255 221 0 
0 0 121 255 255 255 255 255 255 255 255 255 255 255 255 255 255 255 255 255 255 255 255 255 255 255 255 255 255 255 255 255 255 255 255 255 255 255 255 255 255 255 255 255 255 255 255 255 255 255 255 255 255 255 255 255 255 255 255 255 255 255 255 255 255 255 255 196 0 0 0 115 195 195 223 255 255 255 215 0 
0 0 0 244 255 255 255 255 255 255 255 255 255 255 255 255 255 255 255 255 255 255 255 255 255 255 255 255 255 255 255 255 255 255 255 255 255 255 255 255 255 255 255 255 255 255 255 255 255 255 255 255 255 255 255 255 255 255 255 255 255 255 255 255 255 255 255 11 0 0 24 117 125 141 185 243 255 255 254 0 
54 0 0 48 255 255 255 255 255 255 255 255 255 255 255 255 255 255 255 255 255 255 255 255 255 255 255 255 255 255 255 255 255 255 255 255 255 255 255 255 255 255 255 255 255 255 255 255 255 255 255 255 255 255 255 255 255 255 255 255 255 255 255 255 255 255 168 0 0 22 147 187 177 203 224 251 255 255 255 0 
141 0 0 0 174 255 255 255 255 255 255 255 255 255 255 255 255 255 255 255 255 255 255 255 255 255 255 255 255 255 255 255 255 255 255 255 255 255 255 255 255 255 255 255 255 255 255 255 255 255 255 255 255 255 255 255 255 255 255 255 255 255 255 255 255 255 0 0 0 145 247 254 255 255 255 255 255 255 255 0 
123 60 0 0 0 252 255 255 255 255 255 255 255 255 255 255 255 255 255 255 255 255 255 255 255 255 255 255 255 255 255 255 255 255 255 255 255 255 255 255 255 255 255 255 255 255 255 255 255 255 255 255 255 255 255 255 255 255 255 255 255 255 255 255 255 104 0 0 86 227 243 255 255 255 255 255 255 255 248 0 
135 125 16 0 0 70 255 255 255 255 255 255 255 255 255 255 255 255 255 255 255 255 255 255 255 255 255 255 255 255 255 255 255 255 255 255 255 255 255 255 255 255 255 255 255 255 255 255 255 255 255 255 255 255 255 255 255 255 255 255 255 255 255 255 248 0 0 5 211 255 254 255 255 255 255 255 255 255 255 0 
123 115 57 0 0 0 193 255 255 255 255 255 255 255 255 255 255 255 255 255 255 255 255 255 255 255 255 255 255 255 255 255 255 255 255 255 255 255 255 255 255 255 255 255 255 255 255 255 255 255 255 255 255 255 255 255 255 255 255 255 255 255 255 255 55 0 0 85 255 255 255 255 255 255 221 255 255 255 254 0 
87 87 66 51 0 0 3 254 255 255 255 255 255 255 255 255 255 255 255 255 255 255 255 255 255 255 255 255 255 255 255 255 255 255 255 255 255 255 255 255 255 255 255 255 255 255 255 255 255 255 255 255 255 255 255 255 255 255 255 255 255 255 255 215 0 0 14 155 253 255 255 255 255 255 217 255 255 255 201 0 
51 109 127 159 93 0 0 70 255 255 255 255 255 255 255 255 255 255 255 255 255 255 255 255 255 255 255 255 255 255 255 255 255 255 255 255 255 255 255 255 255 255 255 255 255 255 255 255 255 255 255 255 255 255 255 255 255 255 255 255 255 255 255 24 0 5 135 217 254 255 227 247 255 255 255 255 255 237 203 0 
37 101 127 159 175 52 0 0 158 255 255 255 255 255 255 255 255 255 255 255 255 255 255 255 255 255 255 255 255 255 255 255 255 255 255 255 255 255 255 255 255 255 255 255 255 255 255 255 255 255 255 255 255 255 255 255 255 255 255 255 255 255 190 0 0 149 248 255 255 255 254 247 255 255 255 255 255 255 254 0 
5 99 147 131 155 129 0 0 0 223 255 255 255 255 255 255 255 255 255 255 255 255 255 255 255 255 255 255 255 255 255 255 255 255 255 255 255 255 255 255 255 255 255 255 255 255 255 255 255 255 255 255 255 255 255 255 255 255 255 255 255 255 7 0 68 254 255 255 255 255 255 255 255 255 251 255 255 255 255 0 
4 113 193 159 137 121 37 0 0 22 255 255 255 255 255 255 255 255 255 255 255 255 255 255 255 255 255 255 255 255 255 255 255 255 255 255 255 255 255 255 255 255 255 255 255 255 255 255 255 255 255 255 255 255 255 255 255 255 255 255 255 151 0 9 211 255 255 255 255 252 255 255 255 255 247 253 255 255 255 0 
72 145 159 137 123 105 72 10 0 0 92 255 255 255 255 255 255 255 255 255 255 255 255 255 255 255 255 255 255 255 255 255 255 255 255 255 255 255 255 255 255 255 255 255 255 255 255 255 255 255 255 255 255 255 255 255 255 255 255 255 255 1 0 145 255 254 249 255 255 248 239 255 255 255 255 237 249 249 236 0 
89 97 89 89 117 127 99 81 18 0 0 196 255 255 255 255 255 255 255 255 255 255 255 255 255 255 255 255 255 255 255 255 255 255 255 255 255 255 255 255 255 255 255 255 255 255 255 255 255 255 255 255 255 255 255 255 255 255 255 255 102 0 48 247 255 248 229 255 255 255 246 255 255 255 243 227 243 253 205 0 
72 55 66 70 99 141 125 139 141 43 0 7 248 255 255 255 255 255 255 255 255 255 255 255 255 255 255 255 255 255 255 255 255 255 255 255 255 255 255 255 255 255 255 255 255 255 255 255 255 255 255 255 255 255 255 255 255 255 255 244 0 0 139 255 255 255 254 255 255 255 255 255 249 242 217 227 253 255 252 0 
107 105 117 111 109 125 171 193 175 177 56 0 59 255 255 255 255 255 255 255 255 255 255 255 255 255 255 255 255 255 255 255 255 255 255 255 255 255 255 255 255 255 255 255 255 255 255 255 255 255 255 255 255 255 255 255 255 255 255 64 0 94 230 255 251 255 255 255 255 255 255 255 244 237 237 246 252 255 255 0 
101 133 159 125 113 161 227 235 179 207 157 3 0 194 255 255 255 255 255 255 255 255 255 255 255 255 255 255 255 255 255 255 255 255 255 255 255 255 255 255 255 255 255 255 255 255 255 255 255 255 255 255 255 255 255 255 255 255 217 0 53 241 255 255 250 255 255 255 255 255 255 255 255 247 221 191 197 255 255 0 
97 115 137 127 103 171 213 223 169 169 187 97 0 7 255 255 255 255 255 255 255 255 255 255 255 255 255 255 255 255 255 255 255 255 255 255 255 255 255 255 255 255 255 255 255 255 255 255 255 255 255 255 255 255 255 255 255 255 42 5 191 255 255 255 255 255 255 255 255 255 255 255 252 249 229 161 179 255 247 0 
131 113 139 153 141 155 173 189 129 139 171 187 76 0 113 255 255 255 255 255 255 255 255 255 255 255 255 255 255 255 255 255 255 255 255 255 255 255 255 255 255 255 255 255 255 255 255 255 255 255 255 255 255 255 255 255 255 159 0 81 251 255 255 255 255 255 255 255 255 252 253 251 255 255 249 215 240 255 229 0 
125 115 95 111 115 137 141 135 135 141 135 191 147 0 0 242 255 255 255 255 255 255 255 255 255 255 255 255 255 255 255 255 255 255 255 255 255 255 255 255 255 255 255 255 255 255 255 255 255 255 255 255 255 255 255 255 255 5 0 151 253 255 255 255 255 255 255 255 255 255 255 255 255 255 255 255 255 255 225 0 
121 93 78 72 83 97 107 125 133 145 143 151 157 29 0 38 255 255 255 255 255 255 255 255 255 255 255 255 255 255 255 255 255 255 255 255 255 255 255 255 255 255 255 255 255 255 255 255 255 255 255 255 255 255 255 255 135 0 27 199 255 255 255 255 255 255 255 255 255 255 255 255 254 255 255 255 255 255 242 0 
80 77 125 133 99 103 107 123 151 167 187 177 147 99 4 0 145 255 255 255 255 255 255 255 255 255 255 255 255 255 255 255 255 255 255 255 255 255 255 255 255 255 255 255 255 255 255 255 255 255 255 255 255 255 255 244 5 1 145 251 255 255 255 255 255 255 255 255 255 255 255 255 255 255 255 255 255 255 255 0 
55 67 127 161 109 113 129 151 177 185 207 203 153 137 74 5 0 231 255 255 255 255 255 255 255 255 255 255 255 255 255 255 255 255 255 255 255 255 255 255 255 255 255 255 255 255 255 255 255 255 255 255 255 255 255 78 5 125 247 255 255 255 255 255 255 255 255 255 255 255 255 255 255 255 255 255 253 254 255 0 
51 85 137 131 91 74 119 149 171 179 211 215 189 169 165 115 18 51 255 255 255 255 255 255 255 255 255 255 255 255 255 255 255 255 255 255 255 255 255 255 255 255 255 255 255 255 255 255 255 255 255 255 255 255 179 0 103 245 255 255 255 255 255 255 255 231 237 255 255 255 255 255 255 247 213 231 231 225 239 0 
64 123 147 137 113 113 133 137 169 207 239 209 207 211 239 233 137 3 123 255 255 255 255 255 255 255 255 255 255 255 255 255 255 255 255 255 255 255 255 255 255 255 255 255 255 255 255 255 255 255 255 255 255 252 18 18 215 255 255 255 255 255 255 255 229 197 235 251 253 253 255 255 255 199 187 223 243 231 227 0 
109 149 177 159 165 189 185 161 169 199 231 213 205 235 239 243 209 84 1 196 255 255 255 255 255 255 255 255 255 255 255 255 255 255 255 255 255 255 255 255 255 255 255 255 255 255 255 255 255 255 255 255 255 119 0 125 254 255 255 255 255 255 255 254 233 229 241 239 227 249 255 255 255 207 193 247 255 243 199 0 
117 131 153 143 171 187 161 151 147 157 197 183 203 229 203 201 209 185 54 31 244 255 255 255 255 255 255 255 255 255 255 255 255 255 255 255 255 255 255 255 255 255 255 255 255 255 255 255 255 255 255 255 229 8 62 230 255 255 255 255 255 244 249 249 252 254 255 243 225 254 255 255 255 241 205 215 224 201 141 0 
111 129 135 107 127 135 145 165 175 187 195 193 199 215 187 179 201 207 155 17 80 255 255 255 255 255 255 255 255 255 255 255 255 255 255 255 255 255 255 255 255 255 255 255 255 255 255 255 255 255 255 255 76 8 177 255 255 255 255 255 255 248 241 243 241 254 253 221 221 244 239 237 234 199 141 177 207 208 194 0 
103 157 155 133 149 151 169 205 189 175 195 171 171 199 223 221 242 235 217 127 25 175 255 255 255 255 255 255 255 255 255 255 255 255 255 255 255 255 255 255 255 255 255 255 255 255 255 255 255 255 255 223 19 105 243 255 255 255 255 255 255 255 253 239 215 199 195 171 177 159 167 219 237 248 244 255 255 255 255 0 
113 141 153 175 187 167 157 197 215 175 159 163 157 201 245 247 255 255 251 205 99 62 250 255 255 255 255 255 255 255 255 255 255 255 255 255 255 255 255 255 255 255 255 255 255 255 255 255 255 255 255 107 94 211 253 255 255 255 255 255 255 255 255 251 227 179 119 80 66 121 239 255 255 255 255 255 255 255 255 0 
81 97 129 167 173 165 161 187 211 181 173 183 169 197 247 241 252 255 255 246 205 109 137 255 255 255 255 255 255 255 255 255 255 255 255 255 255 255 255 255 255 255 255 255 255 255 255 255 255 255 202 70 195 255 255 252 255 255 255 235 235 241 255 255 251 189 95 11 74 244 255 255 255 255 255 255 255 255 255 0 
105 111 125 139 145 177 183 193 209 205 219 227 195 225 253 250 255 255 255 254 254 228 123 194 255 255 255 255 255 255 255 255 255 255 255 255 255 255 255 255 255 255 255 255 255 255 255 255 255 254 80 123 242 253 255 255 255 255 253 223 207 223 253 255 253 201 123 109 223 255 255 255 255 255 255 255 255 255 255 0 
83 115 121 119 141 165 193 207 209 235 248 233 219 239 250 252 255 255 255 255 255 255 205 115 241 255 255 255 255 255 255 255 255 255 255 255 255 255 255 255 255 255 255 255 255 255 255 255 255 171 119 217 255 250 254 255 255 255 253 247 242 247 255 255 255 245 203 187 255 255 255 255 255 255 255 255 255 255 255 0 
83 83 89 113 163 171 163 193 225 227 225 227 231 233 255 255 241 252 255 255 255 255 255 169 133 255 255 255 255 255 255 255 255 255 255 255 255 255 255 255 255 255 255 255 255 255 255 255 250 129 207 255 255 254 253 253 255 255 255 255 255 255 255 254 249 247 237 197 205 241 255 255 255 255 255 255 255 255 255 0 
81 70 99 109 149 149 147 157 179 187 195 195 213 237 247 247 221 227 237 247 255 255 255 237 131 183 255 255 255 255 255 255 255 255 255 255 255 255 255 255 255 255 255 255 255 255 255 255 161 145 252 255 254 254 246 253 254 245 249 247 253 254 255 247 225 221 215 185 183 195 199 212 231 255 255 255 255 255 255 0 
68 57 74 103 103 111 129 155 175 201 191 193 213 227 239 227 219 229 231 225 227 251 254 249 187 109 219 255 255 255 255 255 255 255 255 255 255 255 255 255 255 255 255 255 255 255 255 206 97 185 227 235 235 233 241 235 227 223 223 225 225 225 225 213 207 187 181 175 187 191 179 171 181 209 239 252 255 255 255 0 
